3640.000000   2.7712150e-017
3642.100000   2.2538650e-017
3644.200000   1.9123243e-017
3646.300000   3.3245087e-017
3648.400000   2.9152730e-017
3650.500000   3.3929658e-017
3652.600000   3.2287860e-017
3654.700000   4.0760549e-017
3656.800000   2.7160790e-017
3658.900000   3.4491890e-017
3661.000000   3.4165620e-017
3663.100000   2.9700767e-017
3665.200000   4.3685691e-017
3667.300000   3.7363556e-017
3669.400000   4.3200130e-017
3671.500000   4.8069930e-017
3673.600000   5.3537376e-017
3675.700000   4.5003856e-017
3677.800000   4.2002964e-017
3679.900000   3.8409635e-017
3682.000000   5.4100027e-017
3684.100000   3.7492606e-017
3686.200000   4.8241848e-017
3688.300000   5.1516835e-017
3690.400000   5.5209710e-017
3692.500000   6.1455225e-017
3694.600000   5.4538757e-017
3696.700000   5.8099042e-017
3698.800000   5.9349726e-017
3700.900000   5.8750126e-017
3703.000000   5.9650648e-017
3705.100000   6.5696987e-017
3707.200000   5.5598773e-017
3709.300000   5.6582006e-017
3711.400000   6.6684158e-017
3713.500000   5.8790340e-017
3715.600000   5.6698513e-017
3717.700000   6.4864407e-017
3719.800000   6.7727424e-017
3721.900000   6.1617101e-017
3724.000000   6.2515419e-017
3726.100000   6.5641215e-017
3728.200000   6.8215375e-017
3730.300000   6.9498001e-017
3732.400000   7.1151727e-017
3734.500000   6.8621335e-017
3736.600000   7.5235074e-017
3738.700000   7.7020851e-017
3740.800000   7.6466502e-017
3742.900000   7.1251876e-017
3745.000000   7.8505991e-017
3747.100000   7.8923274e-017
3749.200000   7.0764699e-017
3751.300000   7.7640562e-017
3753.400000   8.2372584e-017
3755.500000   8.1613954e-017
3757.600000   7.9526772e-017
3759.700000   8.7813871e-017
3761.800000   8.4387656e-017
3763.900000   8.1693740e-017
3766.000000   8.9020933e-017
3768.100000   9.3764827e-017
3770.200000   9.2199516e-017
3772.300000   7.9391836e-017
3774.400000   7.9263378e-017
3776.500000   8.6800522e-017
3778.600000   8.3825312e-017
3780.700000   8.6908922e-017
3782.800000   8.6987107e-017
3784.900000   9.6668231e-017
3787.000000   1.0040625e-016
3789.100000   8.0646980e-017
3791.200000   7.3233926e-017
3793.300000   8.9884456e-017
3795.400000   8.5288396e-017
3797.500000   8.3618226e-017
3799.600000   8.0962903e-017
3801.700000   7.7863702e-017
3803.800000   7.4820935e-017
3805.900000   7.8396195e-017
3808.000000   7.8242141e-017
3810.100000   8.3420218e-017
3812.200000   8.9321160e-017
3814.300000   8.9649312e-017
3816.400000   8.8317267e-017
3818.500000   8.8740068e-017
3820.600000   8.4170385e-017
3822.700000   8.8337450e-017
3824.800000   9.3888937e-017
3826.900000   8.6866762e-017
3829.000000   8.7548975e-017
3831.100000   9.1313321e-017
3833.200000   8.7704551e-017
3835.300000   8.9471806e-017
3837.400000   9.3506462e-017
3839.500000   8.9026220e-017
3841.600000   9.0799781e-017
3843.700000   8.8603431e-017
3845.800000   8.3375908e-017
3847.900000   8.4356699e-017
3850.000000   8.8645578e-017
3852.100000   8.8581250e-017
3854.200000   9.1838138e-017
3856.300000   9.3763126e-017
3858.400000   9.1796964e-017
3860.500000   9.2045092e-017
3862.600000   9.3896137e-017
3864.700000   9.6459477e-017
3866.800000   1.0263872e-016
3868.900000   1.0027289e-016
3871.000000   8.9950287e-017
3873.100000   8.8242225e-017
3875.200000   9.0690170e-017
3877.300000   9.5693766e-017
3879.400000   1.1368397e-016
3881.500000   1.3415486e-016
3883.600000   1.3633317e-016
3885.700000   1.3689569e-016
3887.800000   1.3383359e-016
3889.900000   1.2021134e-016
3892.000000   1.1085562e-016
3894.100000   1.0528501e-016
3896.200000   9.5665860e-017
3898.300000   9.4264397e-017
3900.400000   9.4757159e-017
3902.500000   8.9339126e-017
3904.600000   8.9625873e-017
3906.700000   9.0688443e-017
3908.800000   8.6224970e-017
3910.900000   8.8917581e-017
3913.000000   9.0971471e-017
3915.100000   8.7577317e-017
3917.200000   9.1533186e-017
3919.300000   9.0221086e-017
3921.400000   8.8956108e-017
3923.500000   9.2287370e-017
3925.600000   9.1731491e-017
3927.700000   9.0230807e-017
3929.800000   9.2519152e-017
3931.900000   9.0563591e-017
3934.000000   9.4613302e-017
3936.100000   9.3205957e-017
3938.200000   9.3315330e-017
3940.300000   9.0373651e-017
3942.400000   9.1316260e-017
3944.500000   8.5515229e-017
3946.600000   8.8291988e-017
3948.700000   9.1704585e-017
3950.800000   9.0210868e-017
3952.900000   8.9826918e-017
3955.000000   9.2281467e-017
3957.100000   9.2414663e-017
3959.200000   9.4579732e-017
3961.300000   9.6810949e-017
3963.400000   1.0469947e-016
3965.500000   1.0675442e-016
3967.600000   1.0038960e-016
3969.700000   1.0011808e-016
3971.800000   9.5174303e-017
3973.900000   9.5741795e-017
3976.000000   9.1008595e-017
3978.100000   8.6995042e-017
3980.200000   8.9910761e-017
3982.300000   9.1428028e-017
3984.400000   9.3528319e-017
3986.500000   8.8061529e-017
3988.600000   9.0241441e-017
3990.700000   9.1658487e-017
3992.800000   8.9106410e-017
3994.900000   9.4592596e-017
3997.000000   9.6748176e-017
3999.100000   8.9168369e-017
4001.200000   9.3455931e-017
4003.300000   8.8886261e-017
4005.400000   9.2217880e-017
4007.500000   8.6198156e-017
4009.600000   9.1507563e-017
4011.700000   8.5564529e-017
4013.800000   8.4525219e-017
4015.900000   8.4579535e-017
4018.000000   9.2387995e-017
4020.100000   9.3102262e-017
4022.200000   9.2023387e-017
4024.300000   9.7849709e-017
4026.400000   9.6940492e-017
4028.500000   9.6553087e-017
4030.600000   9.1673754e-017
4032.700000   9.4142445e-017
4034.800000   8.8466192e-017
4036.900000   8.6443008e-017
4039.000000   8.9522833e-017
4041.100000   8.7967521e-017
4043.200000   8.6282627e-017
4045.300000   8.9637328e-017
4047.400000   8.8597482e-017
4049.500000   8.9596736e-017
4051.600000   9.5287461e-017
4053.700000   9.3879891e-017
4055.800000   8.6643788e-017
4057.900000   8.7984661e-017
4060.000000   8.6630639e-017
4062.100000   8.7939808e-017
4064.200000   8.8180259e-017
4066.300000   8.9710206e-017
4068.400000   9.0029200e-017
4070.500000   9.0090782e-017
4072.600000   9.2892250e-017
4074.700000   9.5426963e-017
4076.800000   9.6041221e-017
4078.900000   9.1489815e-017
4081.000000   9.2187426e-017
4083.100000   9.6697122e-017
4085.200000   9.6458458e-017
4087.300000   9.6498546e-017
4089.400000   9.6159157e-017
4091.500000   9.9426620e-017
4093.600000   1.1007016e-016
4095.700000   1.1483215e-016
4097.800000   1.1858991e-016
4099.900000   1.1497416e-016
4102.000000   1.1384278e-016
4104.100000   1.1592026e-016
4106.200000   1.0666743e-016
4108.300000   1.0467728e-016
4110.400000   1.0667723e-016
4112.500000   1.0460478e-016
4114.600000   1.0101058e-016
4116.700000   9.7014144e-017
4118.800000   9.2260040e-017
4120.900000   9.1416838e-017
4123.000000   8.3604256e-017
4125.100000   8.6815570e-017
4127.200000   8.3946835e-017
4129.300000   8.1877262e-017
4131.400000   8.4848038e-017
4133.500000   8.1982367e-017
4135.600000   8.2776732e-017
4137.700000   8.6554836e-017
4139.800000   8.5881226e-017
4141.900000   8.3866148e-017
4144.000000   8.0260766e-017
4146.100000   8.3810317e-017
4148.200000   8.1808143e-017
4150.300000   8.0646788e-017
4152.400000   7.7889636e-017
4154.500000   7.4354531e-017
4156.600000   7.8402739e-017
4158.700000   8.0906258e-017
4160.800000   7.9719068e-017
4162.900000   7.7757360e-017
4165.000000   7.8294710e-017
4167.100000   7.9646111e-017
4169.200000   7.8729376e-017
4171.300000   7.8211403e-017
4173.400000   7.8131332e-017
4175.500000   7.7228487e-017
4177.600000   7.8497058e-017
4179.700000   7.8405717e-017
4181.800000   8.3253518e-017
4183.900000   8.6199016e-017
4186.000000   8.0136338e-017
4188.100000   8.0451308e-017
4190.200000   8.5149787e-017
4192.300000   8.4233972e-017
4194.400000   8.1480626e-017
4196.500000   8.0038367e-017
4198.600000   8.3251553e-017
4200.700000   8.0656343e-017
4202.800000   7.8839067e-017
4204.900000   7.8821663e-017
4207.000000   7.8459676e-017
4209.100000   7.7858991e-017
4211.200000   7.6838422e-017
4213.300000   7.2926168e-017
4215.400000   7.7486945e-017
4217.500000   7.8403567e-017
4219.600000   7.6064154e-017
4221.700000   7.4340343e-017
4223.800000   7.2991264e-017
4225.900000   7.3738830e-017
4228.000000   7.4283711e-017
4230.100000   7.5674843e-017
4232.200000   7.5227656e-017
4234.300000   7.6009871e-017
4236.400000   7.4004501e-017
4238.500000   7.6227208e-017
4240.600000   7.6863469e-017
4242.700000   7.3075974e-017
4244.800000   7.6733760e-017
4246.900000   7.7108976e-017
4249.000000   7.5012331e-017
4251.100000   7.4735471e-017
4253.200000   7.3930081e-017
4255.300000   7.3608725e-017
4257.400000   7.2607340e-017
4259.500000   7.2752513e-017
4261.600000   7.4092381e-017
4263.700000   7.4168111e-017
4265.800000   7.2344859e-017
4267.900000   7.3473782e-017
4270.000000   7.2436530e-017
4272.100000   7.1872552e-017
4274.200000   7.1737146e-017
4276.300000   7.4392998e-017
4278.400000   7.3131594e-017
4280.500000   7.4771774e-017
4282.600000   7.3790360e-017
4284.700000   7.4912573e-017
4286.800000   7.4102413e-017
4288.900000   7.1713786e-017
4291.000000   7.2105169e-017
4293.100000   7.5967619e-017
4295.200000   7.6048041e-017
4297.300000   7.3232153e-017
4299.400000   7.4445090e-017
4301.500000   7.1346538e-017
4303.600000   7.4085545e-017
4305.700000   7.2078454e-017
4307.800000   7.3771342e-017
4309.900000   7.6433646e-017
4312.000000   7.3772024e-017
4314.100000   7.6784834e-017
4316.200000   7.8116793e-017
4318.300000   7.8399305e-017
4320.400000   7.8409847e-017
4322.500000   7.8449869e-017
4324.600000   7.8823702e-017
4326.700000   8.3092311e-017
4328.800000   8.9126547e-017
4330.900000   9.8500833e-017
4333.000000   1.0571450e-016
4335.100000   1.1365896e-016
4337.200000   1.1315714e-016
4339.300000   1.0594596e-016
4341.400000   9.9241126e-017
4343.500000   8.9857226e-017
4345.600000   8.3574153e-017
4347.700000   7.7536456e-017
4349.800000   7.6326609e-017
4351.900000   7.6116511e-017
4354.000000   7.5584787e-017
4356.100000   7.3754196e-017
4358.200000   7.4205374e-017
4360.300000   7.0300327e-017
4362.400000   7.2120084e-017
4364.500000   7.2189872e-017
4366.600000   7.3714763e-017
4368.700000   7.4905810e-017
4370.800000   7.5051010e-017
4372.900000   7.7053873e-017
4375.000000   7.7150289e-017
4377.100000   7.8625933e-017
4379.200000   8.1361975e-017
4381.300000   7.8421751e-017
4383.400000   7.9057880e-017
4385.500000   7.7940438e-017
4387.600000   7.8287338e-017
4389.700000   7.3379576e-017
4391.800000   7.2679470e-017
4393.900000   7.0040354e-017
4396.000000   7.2160080e-017
4398.100000   7.0456922e-017
4400.200000   7.0137319e-017
4402.300000   7.2376153e-017
4404.400000   7.1986988e-017
4406.500000   7.1661628e-017
4408.600000   7.2680456e-017
4410.700000   7.1442954e-017
4412.800000   7.0717755e-017
4414.900000   6.8845455e-017
4417.000000   6.8104050e-017
4419.100000   6.6363040e-017
4421.200000   6.4879825e-017
4423.300000   6.7021892e-017
4425.400000   6.8192988e-017
4427.500000   7.1046741e-017
4429.600000   6.8092112e-017
4431.700000   6.8526243e-017
4433.800000   7.0820107e-017
4435.900000   6.8294678e-017
4438.000000   6.8940779e-017
4440.100000   7.2180614e-017
4442.200000   7.2713676e-017
4444.300000   7.2589579e-017
4446.400000   7.2395787e-017
4448.500000   6.8871184e-017
4450.600000   6.9064989e-017
4452.700000   6.8900314e-017
4454.800000   7.0504620e-017
4456.900000   6.8997160e-017
4459.000000   6.6015796e-017
4461.100000   6.9646073e-017
4463.200000   7.7668931e-017
4465.300000   7.8505012e-017
4467.400000   8.4457218e-017
4469.500000   8.9433874e-017
4471.600000   8.5278318e-017
4473.700000   8.0076602e-017
4475.800000   7.6446285e-017
4477.900000   7.4001768e-017
4480.000000   7.2452670e-017
4482.100000   7.2559635e-017
4484.200000   7.0080303e-017
4486.300000   6.9911724e-017
4488.400000   7.0376546e-017
4490.500000   7.0464234e-017
4492.600000   6.9045262e-017
4494.700000   7.0686263e-017
4496.800000   7.2173977e-017
4498.900000   7.0362299e-017
4501.000000   7.1246727e-017
4503.100000   7.2969824e-017
4505.200000   7.3240246e-017
4507.300000   7.5747364e-017
4509.400000   7.6126927e-017
4511.500000   7.5773232e-017
4513.600000   7.5470047e-017
4515.700000   7.9342873e-017
4517.800000   7.3287091e-017
4519.900000   7.2499681e-017
4522.000000   7.2278976e-017
4524.100000   7.2738888e-017
4526.200000   7.2117060e-017
4528.300000   7.0100513e-017
4530.400000   7.1585031e-017
4532.500000   7.2660624e-017
4534.600000   7.0717669e-017
4536.700000   7.1523886e-017
4538.800000   7.0504634e-017
4540.900000   7.3319648e-017
4543.000000   7.3832487e-017
4545.100000   7.2204013e-017
4547.200000   7.2557841e-017
4549.300000   7.1448433e-017
4551.400000   6.7821174e-017
4553.500000   6.6443104e-017
4555.600000   6.6099738e-017
4557.700000   6.7527048e-017
4559.800000   6.7340158e-017
4561.900000   6.4155414e-017
4564.000000   6.5878610e-017
4566.100000   6.7878712e-017
4568.200000   6.6903969e-017
4570.300000   6.4929886e-017
4572.400000   6.7137836e-017
4574.500000   6.1019598e-017
4576.600000   6.3538205e-017
4578.700000   6.2496076e-017
4580.800000   6.2733206e-017
4582.900000   6.6818651e-017
4585.000000   6.1941336e-017
4587.100000   6.5147594e-017
4589.200000   6.5830018e-017
4591.300000   6.4613890e-017
4593.400000   6.5508046e-017
4595.500000   6.3280594e-017
4597.600000   6.3483207e-017
4599.700000   6.4559799e-017
4601.800000   6.4623651e-017
4603.900000   6.4845726e-017
4606.000000   6.5079037e-017
4608.100000   6.4927736e-017
4610.200000   6.9764479e-017
4612.300000   7.0279468e-017
4614.400000   7.0987323e-017
4616.500000   7.2551449e-017
4618.600000   7.3111225e-017
4620.700000   7.9157558e-017
4622.800000   8.8009132e-017
4624.900000   9.0726182e-017
4627.000000   1.0131624e-016
4629.100000   1.0943652e-016
4631.200000   1.1929349e-016
4633.300000   1.1987314e-016
4635.400000   1.1572682e-016
4637.500000   1.1454906e-016
4639.600000   1.0875158e-016
4641.700000   9.9345880e-017
4643.800000   9.5635506e-017
4645.900000   8.8341910e-017
4648.000000   8.4489055e-017
4650.100000   7.9252816e-017
4652.200000   7.9553844e-017
4654.300000   7.7288507e-017
4656.400000   7.6632811e-017
4658.500000   7.5921125e-017
4660.600000   7.6071718e-017
4662.700000   7.4167939e-017
4664.800000   7.5669351e-017
4666.900000   8.0069482e-017
4669.000000   8.1429870e-017
4671.100000   8.7281742e-017
4673.200000   9.7114194e-017
4675.300000   1.1174216e-016
4677.400000   1.2658079e-016
4679.500000   1.3117780e-016
4681.600000   1.3033477e-016
4683.700000   1.2545695e-016
4685.800000   1.1340734e-016
4687.900000   9.8925196e-017
4690.000000   8.6942936e-017
4692.100000   7.9169311e-017
4694.200000   7.5472786e-017
4696.300000   7.1900021e-017
4698.400000   6.9689086e-017
4700.500000   6.8145111e-017
4702.600000   6.6567638e-017
4704.700000   6.8708970e-017
4706.800000   7.0116580e-017
4708.900000   6.9252606e-017
4711.000000   6.7527776e-017
4713.100000   6.7253384e-017
4715.200000   6.5180661e-017
4717.300000   6.2059550e-017
4719.400000   6.1428676e-017
4721.500000   5.9448763e-017
4723.600000   5.8490338e-017
4725.700000   5.8016906e-017
4727.800000   5.9239466e-017
4729.900000   5.7427854e-017
4732.000000   5.9596087e-017
4734.100000   5.8471763e-017
4736.200000   5.6710848e-017
4738.300000   5.7419086e-017
4740.400000   5.8358452e-017
4742.500000   5.8645471e-017
4744.600000   5.6460086e-017
4746.700000   5.7185259e-017
4748.800000   5.5109952e-017
4750.900000   5.5572760e-017
4753.000000   5.5610876e-017
4755.100000   5.4011241e-017
4757.200000   5.4510312e-017
4759.300000   5.4979248e-017
4761.400000   5.4955140e-017
4763.500000   5.5421766e-017
4765.600000   5.7032072e-017
4767.700000   5.5602439e-017
4769.800000   5.4794462e-017
4771.900000   5.6654368e-017
4774.000000   5.7871686e-017
4776.100000   5.6412758e-017
4778.200000   5.6056733e-017
4780.300000   5.7030622e-017
4782.400000   5.6339119e-017
4784.500000   5.4975439e-017
4786.600000   5.3272781e-017
4788.700000   5.6521430e-017
4790.800000   5.8272545e-017
4792.900000   5.5638742e-017
4795.000000   5.3925754e-017
4797.100000   5.7637740e-017
4799.200000   5.7007984e-017
4801.300000   5.6843018e-017
4803.400000   5.4774206e-017
4805.500000   5.6600455e-017
4807.600000   5.3415254e-017
4809.700000   5.5928924e-017
4811.800000   5.4261295e-017
4813.900000   5.6368196e-017
4816.000000   5.5570232e-017
4818.100000   5.2784410e-017
4820.200000   5.5255724e-017
4822.300000   5.4284095e-017
4824.400000   5.3229357e-017
4826.500000   5.6607781e-017
4828.600000   5.7204926e-017
4830.700000   5.6616212e-017
4832.800000   5.6132284e-017
4834.900000   5.5442624e-017
4837.000000   5.5735311e-017
4839.100000   5.7101164e-017
4841.200000   5.8713657e-017
4843.300000   6.1050456e-017
4845.400000   6.9394220e-017
4847.500000   7.7059253e-017
4849.600000   9.0915070e-017
4851.700000   1.0666454e-016
4853.800000   1.2113721e-016
4855.900000   1.2540847e-016
4858.000000   1.2272553e-016
4860.100000   1.1402943e-016
4862.200000   1.0005239e-016
4864.300000   8.3158876e-017
4866.400000   7.1339537e-017
4868.500000   6.3973752e-017
4870.600000   5.9878830e-017
4872.700000   5.7434565e-017
4874.800000   5.5922439e-017
4876.900000   5.5770529e-017
4879.000000   5.5007365e-017
4881.100000   5.5011064e-017
4883.200000   5.4772307e-017
4885.300000   5.5946209e-017
4887.400000   5.4771311e-017
4889.500000   5.4790985e-017
4891.600000   5.5433694e-017
4893.700000   5.7525283e-017
4895.800000   5.7754405e-017
4897.900000   5.6457472e-017
4900.000000   5.6414399e-017
4902.100000   5.5224715e-017
4904.200000   5.6086492e-017
4906.300000   5.6934524e-017
4908.400000   5.9132349e-017
4910.500000   6.1150280e-017
4912.600000   6.4417286e-017
4914.700000   6.8778930e-017
4916.800000   6.8027380e-017
4918.900000   6.7204719e-017
4921.000000   6.5673601e-017
4923.100000   5.9891397e-017
4925.200000   5.7733971e-017
4927.300000   5.5435256e-017
4929.400000   5.5266508e-017
4931.500000   5.4258724e-017
4933.600000   5.2607006e-017
4935.700000   5.3083757e-017
4937.800000   5.1990601e-017
4939.900000   5.2370161e-017
4942.000000   5.3094086e-017
4944.100000   5.1079379e-017
4946.200000   5.2061265e-017
4948.300000   5.5436066e-017
4950.400000   5.6811406e-017
4952.500000   5.5901825e-017
4954.600000   5.4249754e-017
4956.700000   5.2287559e-017
4958.800000   5.3509040e-017
4960.900000   5.2378582e-017
4963.000000   4.9410734e-017
4965.100000   5.1101117e-017
4967.200000   5.2406236e-017
4969.300000   5.1139396e-017
4971.400000   4.9907214e-017
4973.500000   5.0947285e-017
4975.600000   4.9262569e-017
4977.700000   4.9897705e-017
4979.800000   5.0842021e-017
4981.900000   4.8816011e-017
4984.000000   5.1067219e-017
4986.100000   5.1357910e-017
4988.200000   5.1167421e-017
4990.300000   5.2824799e-017
4992.400000   5.3506989e-017
4994.500000   5.3310907e-017
4996.600000   6.0727028e-017
4998.700000   6.0759427e-017
5000.800000   6.2739843e-017
5002.900000   6.0785070e-017
5005.000000   6.1362978e-017
5007.100000   5.6845910e-017
5009.200000   5.6868508e-017
5011.300000   5.7107140e-017
5013.400000   5.5194718e-017
5015.500000   5.2731775e-017
5017.600000   5.1388662e-017
5019.700000   5.1144233e-017
5021.800000   5.2797737e-017
5023.900000   5.0782752e-017
5026.000000   5.0156361e-017
5028.100000   5.0221424e-017
5030.200000   5.0498609e-017
5032.300000   5.0268338e-017
5034.400000   5.0914565e-017
5036.500000   5.0767155e-017
5038.600000   5.0672499e-017
5040.700000   5.1896382e-017
5042.800000   5.1017426e-017
5044.900000   4.9577930e-017
5047.000000   4.9721969e-017
5049.100000   4.8784962e-017
5051.200000   4.8205912e-017
5053.300000   4.9282531e-017
5055.400000   4.9003953e-017
5057.500000   4.8084006e-017
5059.600000   4.8265575e-017
5061.700000   4.7718339e-017
5063.800000   4.6586716e-017
5065.900000   4.6479176e-017
5068.000000   4.7381485e-017
5070.100000   4.8243298e-017
5072.200000   4.7705531e-017
5074.300000   4.7107198e-017
5076.400000   4.7114127e-017
5078.500000   4.8119184e-017
5080.600000   4.8371994e-017
5082.700000   4.8355629e-017
5084.800000   4.7272360e-017
5086.900000   4.5664433e-017
5089.000000   4.5589381e-017
5091.100000   4.5904064e-017
5093.200000   4.6102332e-017
5095.300000   4.6492050e-017
5097.400000   4.7164522e-017
5099.500000   4.7507898e-017
5101.600000   4.7517572e-017
5103.700000   4.7083709e-017
5105.800000   4.5928909e-017
5107.900000   4.5766103e-017
5110.000000   4.4924758e-017
5112.100000   4.5107009e-017
5114.200000   4.5318192e-017
5116.300000   4.5839987e-017
5118.400000   4.7501330e-017
5120.500000   4.6307874e-017
5122.600000   4.4004890e-017
5124.700000   4.5484468e-017
5126.800000   4.6487759e-017
5128.900000   4.6049621e-017
5131.000000   4.5333038e-017
5133.100000   4.5752266e-017
5135.200000   4.5984863e-017
5137.300000   4.7110189e-017
5139.400000   4.4913462e-017
5141.500000   4.4918372e-017
5143.600000   4.7773618e-017
5145.700000   4.6589754e-017
5147.800000   4.6109529e-017
5149.900000   4.6635354e-017
5152.000000   4.7563868e-017
5154.100000   4.7470231e-017
5156.200000   4.6530888e-017
5158.300000   4.6769907e-017
5160.400000   4.6865377e-017
5162.500000   4.6265624e-017
5164.600000   4.5301840e-017
5166.700000   4.5646940e-017
5168.800000   4.6032287e-017
5170.900000   4.5734710e-017
5173.000000   4.3805103e-017
5175.100000   4.4103851e-017
5177.200000   4.5789959e-017
5179.300000   4.4767789e-017
5181.400000   4.5086730e-017
5183.500000   4.5475210e-017
5185.600000   4.5098952e-017
5187.700000   4.5499056e-017
5189.800000   4.6019234e-017
5191.900000   4.4967993e-017
5194.000000   4.5679415e-017
5196.100000   4.5097983e-017
5198.200000   4.3659112e-017
5200.300000   4.4859398e-017
5202.400000   4.4974435e-017
5204.500000   4.4889160e-017
5206.600000   4.5649183e-017
5208.700000   4.5327013e-017
5210.800000   4.4880875e-017
5212.900000   4.4522712e-017
5215.000000   4.4661374e-017
5217.100000   4.5041132e-017
5219.200000   4.5283063e-017
5221.300000   4.4816914e-017
5223.400000   4.5780251e-017
5225.500000   4.4478699e-017
5227.600000   4.4440709e-017
5229.700000   4.4533316e-017
5231.800000   4.5887530e-017
5233.900000   4.5840096e-017
5236.000000   4.3838859e-017
5238.100000   4.4910544e-017
5240.200000   4.4218640e-017
5242.300000   4.3495714e-017
5244.400000   4.2300948e-017
5246.500000   4.2176381e-017
5248.600000   4.3309192e-017
5250.700000   4.2980371e-017
5252.800000   4.3386914e-017
5254.900000   4.4400124e-017
5257.000000   4.5034684e-017
5259.100000   4.4978445e-017
5261.200000   4.4961412e-017
5263.300000   4.5650576e-017
5265.400000   4.5139904e-017
5267.500000   4.4287541e-017
5269.600000   4.3374857e-017
5271.700000   4.4236918e-017
5273.800000   4.5398336e-017
5275.900000   4.4350321e-017
5278.000000   4.4702878e-017
5280.100000   4.4104334e-017
5282.200000   4.4275210e-017
5284.300000   4.3803922e-017
5286.400000   4.3893393e-017
5288.500000   4.3782121e-017
5290.600000   4.5067331e-017
5292.700000   4.5316504e-017
5294.800000   4.3853956e-017
5296.900000   4.2010356e-017
5299.000000   4.1624102e-017
5301.100000   4.2669530e-017
5303.200000   4.4016448e-017
5305.300000   4.3045222e-017
5307.400000   4.4877516e-017
5309.500000   4.5463455e-017
5311.600000   4.3540624e-017
5313.700000   4.5695750e-017
5315.800000   4.4640314e-017
5317.900000   4.5321318e-017
5320.000000   4.5476051e-017
5322.100000   4.4919765e-017
5324.200000   4.5688229e-017
5326.300000   4.3451149e-017
5328.400000   4.3752911e-017
5330.500000   4.4460402e-017
5332.600000   4.2989086e-017
5334.700000   4.2176398e-017
5336.800000   4.0611273e-017
5338.900000   4.2476532e-017
5341.000000   4.0864115e-017
5343.100000   4.1045188e-017
5345.200000   4.1515616e-017
5347.300000   4.3573893e-017
5349.400000   4.2591295e-017
5351.500000   4.1942990e-017
5353.600000   4.2312300e-017
5355.700000   4.2590527e-017
5357.800000   4.3802982e-017
5359.900000   4.2788160e-017
5362.000000   4.2793398e-017
5364.100000   4.0443587e-017
5366.200000   4.1380670e-017
5368.300000   4.1990560e-017
5370.400000   4.1782627e-017
5372.500000   4.3337627e-017
5374.600000   4.0721840e-017
5376.700000   4.1806039e-017
5378.800000   4.3073568e-017
5380.900000   4.2519390e-017
5383.000000   4.5133648e-017
5385.100000   4.3740073e-017
5387.200000   4.0884682e-017
5389.300000   4.3270390e-017
5391.400000   4.1222936e-017
5393.500000   4.0162769e-017
5395.600000   3.9552210e-017
5397.700000   4.1706334e-017
5399.800000   4.1850412e-017
5401.900000   4.3820753e-017
5404.000000   4.3429037e-017
5406.100000   4.4067442e-017
5408.200000   4.4020117e-017
5410.300000   4.4323792e-017
5412.400000   4.3623345e-017
5414.500000   4.0653396e-017
5416.600000   4.1455814e-017
5418.700000   4.1101893e-017
5420.800000   4.0512964e-017
5422.900000   4.1299788e-017
5425.000000   4.1928760e-017
5427.100000   4.2599557e-017
5429.200000   4.0759996e-017
5431.300000   4.1925021e-017
5433.400000   4.2386190e-017
5435.500000   4.2594703e-017
5437.600000   4.1501375e-017
5439.700000   4.1470769e-017
5441.800000   4.1040791e-017
5443.900000   3.8792388e-017
5446.000000   4.0695268e-017
5448.100000   3.9852182e-017
5450.200000   3.9261132e-017
5452.300000   4.1673961e-017
5454.400000   4.1478217e-017
5456.500000   4.2160493e-017
5458.600000   4.3144960e-017
5460.700000   4.1741658e-017
5462.800000   3.9951182e-017
5464.900000   4.0429432e-017
5467.000000   4.0708744e-017
5469.100000   4.0779488e-017
5471.200000   3.9217460e-017
5473.300000   3.9266591e-017
5475.400000   4.0089639e-017
5477.500000   4.0338445e-017
5479.600000   4.0190913e-017
5481.700000   4.0721516e-017
5483.800000   4.1519894e-017
5485.900000   4.1124211e-017
5488.000000   4.2222802e-017
5490.100000   4.2188905e-017
5492.200000   4.0670492e-017
5494.300000   3.9786309e-017
5496.400000   3.9440011e-017
5498.500000   4.0209458e-017
5500.600000   3.8555186e-017
5502.700000   3.8341727e-017
5504.800000   3.9085118e-017
5506.900000   3.8456629e-017
5509.000000   3.9821636e-017
5511.100000   3.8521831e-017
5513.200000   3.9326853e-017
5515.300000   4.0798715e-017
5517.400000   3.8355846e-017
5519.500000   3.9033270e-017
5521.600000   3.9144867e-017
5523.700000   3.7512307e-017
5525.800000   3.8625344e-017
5527.900000   3.9773468e-017
5530.000000   3.9051806e-017
5532.100000   3.9178013e-017
5534.200000   3.9006641e-017
5536.300000   3.9319600e-017
5538.400000   3.7900817e-017
5540.500000   3.8469249e-017
5542.600000   3.7716935e-017
5544.700000   3.8572904e-017
5546.800000   4.0552089e-017
5548.900000   3.8614088e-017
5551.000000   3.8145192e-017
5553.100000   3.9055988e-017
5555.200000   3.7928683e-017
5557.300000   3.6463422e-017
5559.400000   3.8375529e-017
5561.500000   3.8053518e-017
5563.600000   3.7281682e-017
5565.700000   3.6699972e-017
5567.800000   3.6347468e-017
5569.900000   4.0060609e-017
5572.000000   4.1005232e-017
5574.100000   3.9295453e-017
5576.200000   3.7832184e-017
5578.300000   4.0160658e-017
5580.400000   3.8504506e-017
5582.500000   4.0123296e-017
5584.600000   3.9077733e-017
5586.700000   3.8731968e-017
5588.800000   3.7042021e-017
5590.900000   3.7992938e-017
5593.000000   3.5811001e-017
5595.100000   3.7580605e-017
5597.200000   3.7737813e-017
5599.300000   3.6864568e-017
5601.400000   3.7272133e-017
5603.500000   3.7569796e-017
5605.600000   3.8511068e-017
5607.700000   3.6981104e-017
5609.800000   3.6438222e-017
5611.900000   3.7503413e-017
5614.000000   3.7570017e-017
5616.100000   3.8013141e-017
5618.200000   3.7944297e-017
5620.300000   3.7351771e-017
5622.400000   3.6895991e-017
5624.500000   3.6820939e-017
5626.600000   3.7737333e-017
5628.700000   3.8476386e-017
5630.800000   3.8375532e-017
5632.900000   3.8702735e-017
5635.000000   3.8941734e-017
5637.100000   3.8201851e-017
5639.200000   3.6613664e-017
5641.300000   3.6857616e-017
5643.400000   3.6825260e-017
5645.500000   3.5632913e-017
5647.600000   3.6553293e-017
5649.700000   3.7178804e-017
5651.800000   3.7789035e-017
5653.900000   3.8703893e-017
5656.000000   3.8216959e-017
5658.100000   3.8765965e-017
5660.200000   3.9182358e-017
5662.300000   3.8212432e-017
5664.400000   3.7124776e-017
5666.500000   3.9854171e-017
5668.600000   3.7256453e-017
5670.700000   3.8824496e-017
5672.800000   3.7133713e-017
5674.900000   3.7111094e-017
5677.000000   3.7981450e-017
5679.100000   3.9131344e-017
5681.200000   3.8825357e-017
5683.300000   3.7391366e-017
5685.400000   3.7704798e-017
5687.500000   3.8202605e-017
5689.600000   3.8784934e-017
5691.700000   3.9130960e-017
5693.800000   3.8923238e-017
5695.900000   3.8510637e-017
5698.000000   3.5887237e-017
5700.100000   3.3843337e-017
5702.200000   3.5717331e-017
5704.300000   3.6261305e-017
5706.400000   3.5662972e-017
5708.500000   3.6388049e-017
5710.600000   3.6744259e-017
5712.700000   3.8216919e-017
5714.800000   3.5914247e-017
5716.900000   3.6172866e-017
5719.000000   3.5500560e-017
5721.100000   3.7125911e-017
5723.200000   3.8018415e-017
5725.300000   3.8747694e-017
5727.400000   3.7781283e-017
5729.500000   3.7694141e-017
5731.600000   3.8175970e-017
5733.700000   3.7549520e-017
5735.800000   3.8253570e-017
5737.900000   3.8446630e-017
5740.000000   3.9220024e-017
5742.100000   3.8026065e-017
5744.200000   3.6530314e-017
5746.300000   3.5579410e-017
5748.400000   3.5259785e-017
5750.500000   3.5358997e-017
5752.600000   3.5121454e-017
5754.700000   3.5978998e-017
5756.800000   3.6888559e-017
5758.900000   3.6259164e-017
5761.000000   3.5638200e-017
5763.100000   3.6096157e-017
5765.200000   3.5870873e-017
5767.300000   3.6291550e-017
5769.400000   3.7421998e-017
5771.500000   3.8442021e-017
5773.600000   3.6430391e-017
5775.700000   3.5683476e-017
5777.800000   3.5886321e-017
5779.900000   3.7335621e-017
5782.000000   3.6144398e-017
5784.100000   3.5113298e-017
5786.200000   3.5940796e-017
5788.300000   3.5902487e-017
5790.400000   3.7067876e-017
5792.500000   3.4961745e-017
5794.600000   3.6262893e-017
5796.700000   3.6829737e-017
5798.800000   3.8825502e-017
5800.900000   3.7156394e-017
5803.000000   3.6150820e-017
5805.100000   3.6748031e-017
5807.200000   3.6248236e-017
5809.300000   3.6380836e-017
5811.400000   3.6072172e-017
5813.500000   3.5571794e-017
5815.600000   3.6256656e-017
5817.700000   3.5991833e-017
5819.800000   3.6015090e-017
5821.900000   3.5645836e-017
5824.000000   3.5458252e-017
5826.100000   3.8102828e-017
5828.200000   3.6722339e-017
5830.300000   3.5827773e-017
5832.400000   3.6483794e-017
5834.500000   3.6277170e-017
5836.600000   3.5766869e-017
5838.700000   3.7246438e-017
5840.800000   3.7451208e-017
5842.900000   3.6921359e-017
5845.000000   3.7468115e-017
5847.100000   3.7679864e-017
5849.200000   3.6680143e-017
5851.300000   3.5968371e-017
5853.400000   3.6080070e-017
5855.500000   3.3999055e-017
5857.600000   3.4160548e-017
5859.700000   3.8606719e-017
5861.800000   4.3918278e-017
5863.900000   5.5159285e-017
5866.000000   6.7418906e-017
5868.100000   7.5613156e-017
5870.200000   8.2042195e-017
5872.300000   8.1065176e-017
5874.400000   7.5297431e-017
5876.500000   6.7953086e-017
5878.600000   5.7410417e-017
5880.700000   4.9358201e-017
5882.800000   4.3850449e-017
5884.900000   3.8071199e-017
5887.000000   3.5666784e-017
5889.100000   3.4392856e-017
5891.200000   3.3676925e-017
5893.300000   3.4779752e-017
5895.400000   3.6701210e-017
5897.500000   3.4050314e-017
5899.600000   3.5642789e-017
5901.700000   3.4121571e-017
5903.800000   3.4096074e-017
5905.900000   3.4216521e-017
5908.000000   3.4249830e-017
5910.100000   3.5440226e-017
5912.200000   3.5241841e-017
5914.300000   3.4396489e-017
5916.400000   3.4424246e-017
5918.500000   3.3874078e-017
5920.600000   3.3068960e-017
5922.700000   3.3571102e-017
5924.800000   3.5138146e-017
5926.900000   3.5719128e-017
5929.000000   3.5373744e-017
5931.100000   3.4228929e-017
5933.200000   3.3679413e-017
5935.300000   3.3742229e-017
5937.400000   3.4196417e-017
5939.500000   3.4997840e-017
5941.600000   3.5095152e-017
5943.700000   3.3914154e-017
5945.800000   3.3678324e-017
5947.900000   3.3627595e-017
5950.000000   3.2924624e-017
5952.100000   3.2086326e-017
5954.200000   3.2065008e-017
5956.300000   3.3710532e-017
5958.400000   3.3264681e-017
5960.500000   3.2474605e-017
5962.600000   3.1961915e-017
5964.700000   3.1781123e-017
5966.800000   3.1562909e-017
5968.900000   3.2825117e-017
5971.000000   3.2475680e-017
5973.100000   3.1699467e-017
5975.200000   3.3692076e-017
5977.300000   3.2892566e-017
5979.400000   3.2745443e-017
5981.500000   3.2396340e-017
5983.600000   3.1506774e-017
5985.700000   3.1295541e-017
5987.800000   3.2588143e-017
5989.900000   3.3402308e-017
5992.000000   3.1468406e-017
5994.100000   3.1848065e-017
5996.200000   3.2323727e-017
5998.300000   3.1877407e-017
6000.400000   3.1572796e-017
6002.500000   3.2138802e-017
6004.600000   3.0982884e-017
6006.700000   3.0434129e-017
6008.800000   3.2842412e-017
6010.900000   3.2896563e-017
6013.000000   3.1892147e-017
6015.100000   3.1306490e-017
6017.200000   3.1350764e-017
6019.300000   3.1610952e-017
6021.400000   2.9982280e-017
6023.500000   3.0524328e-017
6025.600000   3.1161945e-017
6027.700000   3.2411894e-017
6029.800000   3.2996632e-017
6031.900000   3.1358212e-017
6034.000000   3.0742634e-017
6036.100000   3.1421137e-017
6038.200000   3.1233205e-017
6040.300000   3.1216327e-017
6042.400000   3.1766253e-017
6044.500000   3.2208107e-017
6046.600000   3.2005732e-017
6048.700000   3.1776448e-017
6050.800000   3.1848121e-017
6052.900000   3.0095914e-017
6055.000000   3.0540411e-017
6057.100000   3.1691754e-017
6059.200000   3.1926386e-017
6061.300000   3.0071800e-017
6063.400000   3.0593619e-017
6065.500000   3.0809556e-017
6067.600000   3.0716694e-017
6069.700000   3.1049257e-017
6071.800000   3.1070872e-017
6073.900000   3.0769246e-017
6076.000000   3.1066290e-017
6078.100000   3.1041832e-017
6080.200000   3.0773008e-017
6082.300000   3.0569909e-017
6084.400000   3.1749802e-017
6086.500000   3.0273930e-017
6088.600000   3.2069160e-017
6090.700000   2.9988613e-017
6092.800000   3.1592330e-017
6094.900000   2.9857220e-017
6097.000000   2.9656059e-017
6099.100000   3.0709643e-017
6101.200000   3.0783861e-017
6103.300000   3.1563177e-017
6105.400000   3.0555493e-017
6107.500000   3.0235413e-017
6109.600000   3.1781523e-017
6111.700000   3.0586502e-017
6113.800000   3.0212692e-017
6115.900000   3.1626549e-017
6118.000000   3.1104410e-017
6120.100000   3.0490615e-017
6122.200000   3.0830269e-017
6124.300000   2.9947045e-017
6126.400000   2.8780079e-017
6128.500000   2.9160979e-017
6130.600000   3.0285600e-017
6132.700000   3.0998289e-017
6134.800000   3.0568850e-017
6136.900000   3.0043938e-017
6139.000000   3.1006200e-017
6141.100000   3.0584513e-017
6143.200000   2.7969716e-017
6145.300000   3.0167648e-017
6147.400000   2.9451802e-017
6149.500000   3.1346185e-017
6151.600000   2.9589786e-017
6153.700000   3.0185750e-017
6155.800000   2.9837073e-017
6157.900000   2.9251257e-017
6160.000000   2.9507002e-017
6162.100000   3.0057560e-017
6164.200000   2.9029814e-017
6166.300000   2.9704162e-017
6168.400000   3.0237604e-017
6170.500000   2.9537978e-017
6172.600000   2.8695981e-017
6174.700000   2.9540516e-017
6176.800000   2.9418000e-017
6178.900000   2.8975419e-017
6181.000000   2.9913998e-017
6183.100000   2.9141527e-017
6185.200000   2.8848318e-017
6187.300000   2.8940820e-017
6189.400000   2.9974395e-017
6191.500000   3.0372527e-017
6193.600000   2.9912922e-017
6195.700000   2.9042556e-017
6197.800000   2.9304445e-017
6199.900000   3.0178139e-017
6202.000000   2.9878770e-017
6204.100000   2.9723571e-017
6206.200000   2.9890062e-017
6208.300000   3.0238193e-017
6210.400000   3.1022545e-017
6212.500000   3.0885472e-017
6214.600000   2.8934559e-017
6216.700000   3.0063317e-017
6218.800000   2.9562337e-017
6220.900000   2.8393117e-017
6223.000000   2.8713014e-017
6225.100000   2.7677581e-017
6227.200000   3.0325606e-017
6229.300000   2.9712526e-017
6231.400000   2.8937319e-017
6233.500000   2.6667317e-017
6235.600000   2.9507723e-017
6237.700000   2.9083899e-017
6239.800000   2.8564016e-017
6241.900000   2.7941711e-017
6244.000000   2.7886452e-017
6246.100000   2.7565516e-017
6248.200000   2.7080216e-017
6250.300000   2.7501598e-017
6252.400000   2.8224524e-017
6254.500000   2.7278996e-017
6256.600000   2.8763697e-017
6258.700000   2.8890484e-017
6260.800000   2.8931621e-017
6262.900000   2.9474616e-017
6265.000000   2.8852596e-017
6267.100000   2.8295764e-017
6269.200000   2.8417290e-017
6271.300000   2.8064296e-017
6273.400000   2.7600547e-017
6275.500000   2.6596633e-017
6277.600000   2.7015201e-017
6279.700000   2.8399311e-017
6281.800000   2.7978587e-017
6283.900000   2.7301839e-017
6286.000000   2.7070108e-017
6288.100000   2.7029773e-017
6290.200000   2.7055756e-017
6292.300000   2.7607667e-017
6294.400000   2.8868726e-017
6296.500000   2.8038627e-017
6298.600000   2.9068444e-017
6300.700000   2.9059100e-017
6302.800000   2.8036291e-017
6304.900000   3.1015402e-017
6307.000000   3.0197992e-017
6309.100000   2.6208898e-017
6311.200000   2.8089092e-017
6313.300000   2.8139533e-017
6315.400000   2.8694700e-017
6317.500000   2.9408954e-017
6319.600000   2.7431979e-017
6321.700000   2.7440081e-017
6323.800000   2.8365486e-017
6325.900000   2.8868097e-017
6328.000000   2.7473664e-017
6330.100000   2.6198224e-017
6332.200000   2.6817832e-017
6334.300000   2.7660738e-017
6336.400000   2.7814812e-017
6338.500000   2.8427696e-017
6340.600000   2.8270370e-017
6342.700000   2.7133652e-017
6344.800000   2.7568876e-017
6346.900000   2.8343986e-017
6349.000000   2.7586030e-017
6351.100000   2.6984764e-017
6353.200000   2.7365310e-017
6355.300000   2.7633628e-017
6357.400000   2.7854685e-017
6359.500000   2.7925171e-017
6361.600000   2.8299467e-017
6363.700000   2.7686346e-017
6365.800000   2.7441889e-017
6367.900000   2.7341678e-017
6370.000000   2.7716369e-017
6372.100000   2.6836224e-017
6374.200000   2.6723532e-017
6376.300000   2.6201962e-017
6378.400000   2.7122126e-017
6380.500000   2.7680248e-017
6382.600000   2.7709323e-017
6384.700000   2.9077281e-017
6386.800000   2.7507109e-017
6388.900000   2.6372478e-017
6391.000000   2.6947743e-017
6393.100000   2.7040969e-017
6395.200000   2.7300570e-017
6397.300000   2.6049598e-017
6399.400000   2.7243526e-017
6401.500000   2.6416251e-017
6403.600000   2.6740087e-017
6405.700000   2.4735035e-017
6407.800000   2.5945235e-017
6409.900000   2.7003478e-017
6412.000000   2.6393988e-017
6414.100000   2.5549401e-017
6416.200000   2.6610342e-017
6418.300000   2.6608412e-017
6420.400000   2.6533195e-017
6422.500000   2.7201821e-017
6424.600000   2.6081809e-017
6426.700000   2.5195513e-017
6428.800000   2.6317340e-017
6430.900000   2.7686286e-017
6433.000000   2.7946393e-017
6435.100000   2.6196264e-017
6437.200000   2.6296915e-017
6439.300000   2.6459197e-017
6441.400000   2.7054308e-017
6443.500000   2.7231790e-017
6445.600000   2.7458260e-017
6447.700000   2.7298972e-017
6449.800000   2.6176733e-017
6451.900000   2.7598018e-017
6454.000000   2.6369697e-017
6456.100000   2.7181797e-017
6458.200000   2.5322457e-017
6460.300000   2.6450404e-017
6462.400000   2.6942576e-017
6464.500000   2.5963087e-017
6466.600000   2.6359401e-017
6468.700000   2.6248188e-017
6470.800000   2.5513243e-017
6472.900000   2.5387243e-017
6475.000000   2.5089268e-017
6477.100000   2.5892315e-017
6479.200000   2.5252580e-017
6481.300000   2.4605607e-017
6483.400000   2.5206602e-017
6485.500000   2.5202190e-017
6487.600000   2.5164694e-017
6489.700000   2.5718478e-017
6491.800000   2.5869377e-017
6493.900000   2.5531186e-017
6496.000000   2.5983591e-017
6498.100000   2.5218047e-017
6500.200000   2.4310360e-017
6502.300000   2.5271736e-017
6504.400000   2.6299758e-017
6506.500000   2.6562986e-017
6508.600000   2.5459483e-017
6510.700000   2.4543165e-017
6512.800000   2.5623652e-017
6514.900000   2.5172683e-017
6517.000000   2.5660756e-017
6519.100000   2.5946719e-017
6521.200000   2.5875209e-017
6523.300000   2.6772491e-017
6525.400000   2.7024004e-017
6527.500000   2.6090516e-017
6529.600000   2.8582889e-017
6531.700000   2.7280514e-017
6533.800000   2.9280424e-017
6535.900000   2.6587069e-017
6538.000000   3.0649834e-017
6540.100000   3.2166582e-017
6542.200000   3.5018410e-017
6544.300000   4.2221363e-017
6546.400000   5.5726688e-017
6548.500000   7.6732642e-017
6550.600000   1.0575636e-016
6552.700000   1.3153362e-016
6554.800000   1.5018437e-016
6556.900000   1.5743400e-016
6559.000000   1.5603721e-016
6561.100000   1.4225038e-016
6563.200000   1.1696789e-016
6565.300000   8.9010246e-017
6567.400000   6.5999576e-017
6569.500000   5.1337982e-017
6571.600000   4.3378387e-017
6573.700000   4.0147519e-017
6575.800000   3.9353779e-017
6577.900000   3.7721798e-017
6580.000000   3.6234968e-017
6582.100000   3.2054956e-017
6584.200000   3.0910959e-017
6586.300000   2.8765636e-017
6588.400000   2.8446076e-017
6590.500000   2.5230220e-017
6592.600000   2.5312124e-017
6594.700000   2.6854677e-017
6596.800000   2.4870194e-017
6598.900000   2.5441889e-017
6601.000000   2.4113413e-017
6603.100000   2.5188078e-017
6605.200000   2.3238253e-017
6607.300000   2.5725196e-017
6609.400000   2.5625366e-017
6611.500000   2.6358789e-017
6613.600000   2.6565056e-017
6615.700000   2.4426084e-017
6617.800000   2.5360338e-017
6619.900000   2.4868257e-017
6622.000000   2.3943524e-017
6624.100000   2.4275789e-017
6626.200000   2.4322660e-017
6628.300000   2.4441647e-017
6630.400000   2.4029852e-017
6632.500000   2.3393824e-017
6634.600000   2.4134564e-017
6636.700000   2.4097636e-017
6638.800000   2.4370542e-017
6640.900000   2.5321085e-017
6643.000000   2.4492576e-017
6645.100000   2.4356373e-017
6647.200000   2.4210751e-017
6649.300000   2.3791706e-017
6651.400000   2.5268454e-017
6653.500000   2.4728272e-017
6655.600000   2.4828187e-017
6657.700000   2.6583623e-017
6659.800000   2.6917650e-017
6661.900000   3.0278572e-017
6664.000000   3.6225409e-017
6666.100000   3.9837035e-017
6668.200000   4.5157646e-017
6670.300000   4.6694375e-017
6672.400000   4.8380523e-017
6674.500000   4.6815372e-017
6676.600000   4.3568069e-017
6678.700000   3.8405619e-017
6680.800000   3.4934868e-017
6682.900000   3.1598945e-017
6685.000000   2.9126998e-017
6687.100000   2.8012581e-017
6689.200000   2.7302701e-017
6691.300000   2.6663805e-017
6693.400000   2.4333655e-017
6695.500000   2.5405316e-017
6697.600000   2.4792042e-017
6699.700000   2.4013525e-017
6701.800000   2.3304586e-017
6703.900000   2.3844959e-017
6706.000000   2.3856604e-017
6708.100000   2.3078768e-017
6710.200000   2.3920824e-017
6712.300000   2.4631331e-017
6714.400000   2.3468188e-017
6716.500000   2.3084723e-017
6718.600000   2.3584577e-017
6720.700000   2.3817963e-017
6722.800000   2.3863438e-017
6724.900000   2.2981223e-017
6727.000000   2.2780397e-017
6729.100000   2.2138137e-017
6731.200000   2.0707482e-017
6733.300000   2.1762937e-017
6735.400000   2.2565967e-017
6737.500000   2.3247413e-017
6739.600000   2.5688794e-017
6741.700000   2.5486510e-017
6743.800000   2.0273921e-017
6745.900000   2.2818447e-017
6748.000000   2.1956168e-017
6750.100000   2.2390533e-017
6752.200000   2.2227433e-017
6754.300000   2.2809555e-017
6756.400000   2.1633964e-017
6758.500000   2.2161591e-017
6760.600000   2.2779487e-017
6762.700000   2.3771490e-017
6764.800000   2.1830436e-017
6766.900000   2.1589490e-017
6769.000000   2.1405500e-017
6771.100000   2.1356450e-017
6773.200000   2.1631228e-017
6775.300000   2.1089069e-017
6777.400000   2.0513786e-017
6779.500000   2.1124540e-017
6781.600000   2.1929425e-017
6783.700000   2.2270620e-017
6785.800000   2.1591368e-017
6787.900000   2.0328165e-017
6790.000000   2.1032640e-017
6792.100000   2.1800712e-017
6794.200000   2.0693637e-017
6796.300000   2.1015878e-017
6798.400000   2.2480215e-017
6800.500000   2.1290959e-017
6802.600000   2.0749913e-017
6804.700000   2.2233947e-017
6806.800000   2.4119306e-017
6808.900000   2.2524257e-017
6811.000000   2.2079967e-017
6813.100000   2.2387834e-017
6815.200000   2.2149647e-017
6817.300000   2.1161515e-017
6819.400000   1.9825547e-017
6821.500000   2.2286241e-017
6823.600000   2.1205670e-017
6825.700000   2.2022211e-017
6827.800000   2.3799897e-017
6829.900000   2.1433178e-017
6832.000000   2.0786337e-017
6834.100000   2.0868164e-017
6836.200000   2.1119086e-017
6838.300000   2.1171665e-017
6840.400000   2.2110726e-017
6842.500000   2.1320918e-017
6844.600000   2.1250038e-017
6846.700000   2.1780160e-017
6848.800000   2.0916762e-017
6850.900000   2.1243398e-017
6853.000000   2.1413757e-017
6855.100000   2.1405069e-017
6857.200000   2.1744912e-017
6859.300000   2.1693381e-017
6861.400000   2.1320056e-017
6863.500000   1.9444488e-017
6865.600000   1.8641132e-017
6867.700000   1.8239996e-017
6869.800000   1.5262710e-017
6871.900000   1.6283292e-017
6874.000000   1.7065449e-017
6876.100000   1.7084516e-017
6878.200000   1.9572030e-017
6880.300000   1.9572245e-017
6882.400000   1.9679978e-017
6884.500000   1.9047134e-017
6886.600000   1.9331191e-017
6888.700000   1.7296955e-017
6890.800000   1.8789093e-017
6892.900000   1.9254351e-017
6895.000000   1.9090215e-017
6897.100000   1.9463322e-017
6899.200000   1.8697458e-017
6901.300000   1.9543303e-017
6903.400000   2.0835881e-017
6905.500000   2.0301514e-017
6907.600000   2.0833780e-017
6909.700000   2.0214499e-017
6911.800000   1.8827984e-017
6913.900000   1.9749741e-017
6916.000000   2.0434961e-017
6918.100000   2.0822379e-017
6920.200000   2.0103291e-017
6922.300000   2.0463130e-017
6924.400000   2.0740313e-017
6926.500000   1.9767937e-017
6928.600000   1.9956794e-017
6930.700000   2.0045501e-017
6932.800000   2.0466660e-017
6934.900000   1.8834926e-017
6937.000000   1.8790855e-017
6939.100000   1.9827385e-017
6941.200000   1.9974814e-017
6943.300000   2.0486529e-017
6945.400000   2.0322458e-017
6947.500000   2.1140442e-017
6949.600000   2.0876907e-017
6951.700000   1.9540450e-017
6953.800000   2.0996584e-017
6955.900000   2.1645136e-017
6958.000000   2.2001175e-017
6960.100000   2.0602683e-017
6962.200000   2.0411936e-017
6964.300000   1.9891270e-017
6966.400000   2.0690118e-017
6968.500000   2.1162432e-017
6970.600000   2.0447537e-017
6972.700000   2.0372949e-017
6974.800000   2.0422485e-017
6976.900000   2.1444681e-017
6979.000000   2.0224755e-017
6981.100000   1.9069352e-017
6983.200000   1.9034389e-017
6985.300000   1.9522035e-017
6987.400000   2.0072232e-017
6989.500000   1.9900960e-017
6991.600000   1.8428582e-017
6993.700000   1.8724504e-017
6995.800000   2.0118500e-017
6997.900000   1.9413864e-017
7000.000000   1.8472454e-017
7002.100000   2.0204566e-017
7004.200000   2.0679019e-017
7006.300000   1.9916512e-017
7008.400000   1.9934780e-017
7010.500000   1.8752113e-017
7012.600000   1.9403406e-017
7014.700000   2.1445131e-017
7016.800000   2.2180668e-017
7018.900000   2.0600349e-017
7021.000000   2.2808063e-017
7023.100000   2.1619035e-017
7025.200000   1.9500088e-017
7027.300000   2.0696956e-017
7029.400000   2.0100196e-017
7031.500000   1.9874530e-017
7033.600000   1.9236105e-017
7035.700000   2.1198763e-017
7037.800000   2.2140430e-017
7039.900000   2.1670701e-017
7042.000000   1.9286859e-017
7044.100000   2.0886942e-017
7046.200000   1.9927256e-017
7048.300000   2.0669940e-017
7050.400000   2.6219094e-017
7052.500000   3.0928664e-017
7054.600000   3.1526255e-017
7056.700000   3.5491832e-017
7058.800000   3.9113758e-017
7060.900000   4.0232563e-017
7063.000000   3.9004954e-017
7065.100000   3.5933315e-017
7067.200000   3.1302649e-017
7069.300000   2.8717398e-017
7071.400000   2.6956474e-017
7073.500000   2.2664340e-017
7075.600000   2.0839098e-017
7077.700000   2.0742773e-017
7079.800000   2.1535015e-017
7081.900000   2.1536967e-017
7084.000000   2.1295335e-017
7086.100000   2.1241836e-017
7088.200000   2.0213765e-017
7090.300000   2.0778486e-017
7092.400000   2.1135265e-017
7094.500000   2.2101144e-017
7096.600000   2.1582451e-017
7098.700000   2.2770785e-017
7100.800000   2.3098268e-017
7102.900000   2.1658224e-017
7105.000000   2.1669612e-017
7107.100000   2.1767398e-017
7109.200000   2.1051634e-017
7111.300000   2.1166766e-017
7113.400000   2.0963197e-017
7115.500000   2.0555758e-017
7117.600000   2.1445231e-017
7119.700000   2.1141165e-017
7121.800000   2.1993833e-017
7123.900000   2.3348326e-017
7126.000000   2.3149652e-017
7128.100000   2.3331488e-017
7130.200000   2.4144821e-017
7132.300000   2.3756278e-017
7134.400000   2.1350817e-017
7136.500000   2.1744914e-017
7138.600000   2.1582677e-017
7140.700000   2.0189007e-017
7142.800000   2.0555063e-017
7144.900000   2.1314734e-017
7147.000000   2.0702389e-017
7149.100000   1.9132079e-017
7151.200000   1.9965953e-017
7153.300000   2.1201996e-017
7155.400000   2.0097031e-017
7157.500000   2.0406549e-017
7159.600000   2.0793180e-017
7161.700000   2.1102213e-017
7163.800000   2.0521300e-017
7165.900000   1.9616276e-017
7168.000000   1.9231023e-017
7170.100000   1.9358430e-017
7172.200000   1.8172819e-017
7174.300000   1.7806949e-017
7176.400000   1.6981960e-017
7178.500000   1.9152032e-017
7180.600000   1.7688154e-017
7182.700000   1.8361586e-017
7184.800000   1.9027136e-017
7186.900000   1.7647998e-017
7189.000000   1.6192244e-017
7191.100000   1.7781964e-017
7193.200000   1.7505420e-017
7195.300000   1.8032711e-017
7197.400000   1.7252905e-017
7199.500000   1.6727729e-017
7201.600000   1.8046846e-017
7203.700000   1.7715778e-017
7205.800000   1.8529403e-017
7207.900000   1.9211141e-017
7210.000000   1.8908090e-017
7212.100000   1.9405981e-017
7214.200000   1.9527304e-017
7216.300000   1.9379257e-017
7218.400000   1.9984703e-017
7220.500000   2.0481606e-017
7222.600000   1.9931167e-017
7224.700000   1.9034466e-017
7226.800000   1.9430229e-017
7228.900000   1.8693599e-017
7231.000000   1.7927381e-017
7233.100000   1.7212403e-017
7235.200000   1.8348156e-017
7237.300000   2.1597970e-017
7239.400000   2.1110235e-017
7241.500000   2.0119390e-017
7243.600000   2.0899934e-017
7245.700000   2.0625712e-017
7247.800000   2.0177392e-017
7249.900000   1.8711295e-017
7252.000000   1.8734233e-017
7254.100000   1.8048009e-017
7256.200000   2.0307818e-017
7258.300000   1.9265434e-017
7260.400000   1.8231291e-017
7262.500000   1.9342135e-017
7264.600000   1.9844175e-017
7266.700000   1.8908356e-017
7268.800000   1.9124618e-017
7270.900000   2.1111749e-017
7273.000000   2.1953847e-017
7275.100000   2.1126446e-017
7277.200000   2.0601491e-017
7279.300000   2.0796171e-017
7281.400000   2.1953934e-017
7283.500000   2.2375656e-017
7285.600000   2.0290896e-017
7287.700000   1.9611051e-017
7289.800000   2.0606621e-017
7291.900000   2.1362057e-017
7294.000000   1.9337132e-017
7296.100000   1.8333265e-017
7298.200000   1.9003728e-017
7300.300000   1.8323715e-017
7302.400000   1.8368583e-017
7304.500000   1.9267207e-017
7306.600000   1.8359856e-017
7308.700000   1.6581378e-017
7310.800000   1.7671319e-017
7312.900000   2.0974141e-017
7315.000000   2.0463156e-017
7317.100000   1.9200467e-017
7319.200000   2.0419885e-017
7321.300000   1.6632198e-017
7323.400000   1.9286226e-017
7325.500000   2.0002351e-017
7327.600000   1.9075055e-017
7329.700000   1.7922180e-017
7331.800000   1.7530507e-017
7333.900000   2.0499561e-017
7336.000000   2.0760935e-017
7338.100000   1.8693524e-017
7340.200000   1.6661343e-017
7342.300000   1.8072960e-017
7344.400000   1.8231790e-017
7346.500000   1.7010806e-017
7348.600000   1.5883937e-017
7350.700000   1.5861304e-017
7352.800000   1.7831142e-017
7354.900000   1.9037926e-017
7357.000000   1.8518678e-017
7359.100000   1.8910019e-017
7361.200000   1.8778572e-017
7363.300000   1.9154684e-017
7365.400000   1.9282311e-017
7367.500000   1.9065587e-017
7369.600000   1.9328827e-017
7371.700000   1.8052279e-017
7373.800000   1.7194691e-017
7375.900000   1.8619912e-017
7378.000000   1.8004455e-017
7380.100000   1.6733584e-017
7382.200000   1.7345430e-017
7384.300000   1.7752659e-017
7386.400000   1.7599058e-017
7388.500000   1.6817497e-017
7390.600000   1.8511038e-017
7392.700000   1.8544729e-017
7394.800000   1.7665843e-017
7396.900000   1.7799175e-017
7399.000000   1.9250882e-017
7401.100000   1.9606263e-017
7403.200000   1.9486162e-017
7405.300000   1.7766241e-017
7407.400000   1.4900324e-017
7409.500000   1.7699493e-017
7411.600000   1.7140673e-017
7413.700000   1.6374664e-017
7415.800000   1.5328727e-017
7417.900000   1.8374246e-017
7420.000000   1.8402171e-017
7422.100000   1.8061408e-017
7424.200000   1.8817904e-017
7426.300000   1.9034728e-017
7428.400000   2.0104396e-017
7430.500000   1.7686769e-017
7432.600000   1.8739965e-017
7434.700000   1.8439475e-017
7436.800000   1.7745026e-017
7438.900000   1.6310587e-017
7441.000000   1.6512613e-017
7443.100000   1.6796409e-017
7445.200000   1.7535296e-017
7447.300000   1.8729202e-017
7449.400000   1.8872514e-017
7451.500000   1.8586628e-017
7453.600000   1.7795626e-017
7455.700000   1.7377558e-017
7457.800000   1.8378253e-017
7459.900000   1.7278150e-017
7462.000000   1.7584419e-017
7464.100000   1.8077253e-017
7466.200000   1.7493517e-017
7468.300000   1.7168837e-017
7470.400000   1.5719085e-017
7472.500000   1.6843435e-017
7474.600000   1.5910161e-017
7476.700000   1.6338556e-017
7478.800000   1.4982446e-017
7480.900000   1.6783218e-017
7483.000000   1.4871998e-017
7485.100000   1.5186919e-017
7487.200000   1.4458009e-017
7489.300000   1.6476735e-017
7491.400000   1.9413132e-017
7493.500000   1.8104335e-017
7495.600000   1.5007622e-017
7497.700000   1.7162262e-017
7499.800000   1.7218135e-017
7501.900000   1.6474056e-017
7504.000000   1.6699744e-017
7506.100000   1.7210846e-017
7508.200000   1.5681238e-017
7510.300000   1.7792336e-017
7512.400000   1.6732494e-017
7514.500000   1.5907742e-017
7516.600000   1.4651776e-017
7518.700000   1.4210986e-017
7520.800000   1.4051650e-017
7522.900000   1.4586769e-017
7525.000000   1.3758296e-017
7527.100000   1.4627293e-017
7529.200000   1.5881395e-017
7531.300000   1.5524628e-017
7533.400000   1.6052348e-017
7535.500000   1.6588821e-017
7537.600000   1.7337565e-017
7539.700000   1.6234669e-017
7541.800000   1.6255881e-017
7543.900000   1.7041673e-017
7546.000000   1.6783840e-017
7548.100000   1.6363613e-017
7550.200000   1.5274158e-017
7552.300000   1.5640809e-017
7554.400000   1.6653392e-017
7556.500000   1.4680980e-017
7558.600000   1.4944697e-017
7560.700000   1.5259629e-017
7562.800000   1.3738263e-017
7564.900000   1.3460801e-017
7567.000000   1.6877090e-017
7569.100000   1.7685707e-017
7571.200000   1.7315837e-017
7573.300000   1.9984561e-017
7575.400000   1.9266927e-017
7577.500000   1.8503322e-017
7579.600000   1.8816384e-017
7581.700000   1.9227575e-017
7583.800000   1.7872691e-017
7585.900000   1.5323862e-017
7588.000000   1.4048118e-017
7590.100000   1.3833159e-017
7592.200000   1.1450680e-017
7594.300000   1.0773117e-017
7596.400000   1.1226012e-017
7598.500000   9.7782956e-018
7600.600000   8.5348628e-018
7602.700000   7.2108411e-018
7604.800000   7.6229268e-018
7606.900000   7.9577968e-018
7609.000000   8.4538305e-018
7611.100000   9.1283591e-018
7613.200000   9.6157099e-018
7615.300000   1.1468342e-017
7617.400000   1.2075834e-017
7619.500000   1.1633272e-017
7621.600000   1.1622014e-017
7623.700000   1.0863280e-017
7625.800000   1.1365569e-017
7627.900000   1.1529367e-017
7630.000000   1.0791191e-017
7632.100000   9.5391510e-018
7634.200000   9.8469193e-018
7636.300000   9.2346808e-018
7638.400000   9.8284765e-018
7640.500000   9.9892424e-018
7642.600000   1.0953037e-017
7644.700000   9.4606673e-018
7646.800000   1.0248206e-017
7648.900000   1.1470462e-017
7651.000000   1.3335967e-017
7653.100000   1.3563034e-017
7655.200000   1.3842371e-017
7657.300000   1.4461167e-017
7659.400000   1.4201081e-017
7661.500000   1.4501805e-017
7663.600000   1.4831904e-017
7665.700000   1.5501686e-017
7667.800000   1.4538277e-017
7669.900000   1.5786765e-017
7672.000000   1.4475244e-017
7674.100000   1.5601411e-017
7676.200000   1.6172961e-017
7678.300000   1.4846954e-017
7680.400000   1.5015237e-017
7682.500000   1.4770584e-017
7684.600000   1.4733769e-017
7686.700000   1.5091417e-017
7688.800000   1.4013108e-017
7690.900000   1.2284319e-017
7693.000000   1.3155434e-017
7695.100000   1.3661741e-017
7697.200000   1.3378259e-017
7699.300000   1.4613347e-017
7701.400000   1.5038071e-017
7703.500000   1.5118188e-017
7705.600000   1.4962837e-017
7707.700000   1.6256150e-017
7709.800000   1.6556849e-017
7711.900000   1.6900379e-017
7714.000000   1.5333642e-017
7716.100000   1.4933611e-017
7718.200000   1.5407414e-017
7720.300000   1.4094183e-017
7722.400000   1.4498091e-017
7724.500000   1.5978195e-017
7726.600000   1.5073817e-017
7728.700000   1.6496276e-017
7730.800000   1.4157803e-017
7732.900000   1.4655478e-017
7735.000000   1.4538480e-017
7737.100000   1.4553039e-017
7739.200000   1.3784158e-017
7741.300000   1.3762010e-017
7743.400000   1.2579232e-017
7745.500000   1.3159775e-017
7747.600000   1.1815655e-017
7749.700000   1.3226050e-017
7751.800000   1.3781760e-017
7753.900000   1.4820861e-017
7756.000000   1.6295910e-017
7758.100000   1.4685258e-017
7760.200000   1.4251978e-017
7762.300000   1.3989421e-017
7764.400000   1.6670240e-017
7766.500000   1.4221491e-017
7768.600000   1.4346748e-017
7770.700000   1.4618963e-017
7772.800000   1.4345418e-017
7774.900000   1.4861152e-017
7777.000000   1.4489994e-017
7779.100000   1.4768349e-017
7781.200000   1.5961717e-017
7783.300000   1.5324014e-017
7785.400000   1.5322654e-017
7787.500000   1.6153375e-017
7789.600000   1.6808133e-017
7791.700000   1.7926693e-017
7793.800000   1.4826319e-017
7795.900000   1.4080108e-017
7798.000000   1.4438661e-017
7800.100000   1.3486219e-017
7802.200000   1.3572295e-017
7804.300000   1.3560341e-017
7806.400000   1.3724753e-017
7808.500000   1.1440678e-017
7810.600000   1.1718961e-017
7812.700000   1.2461693e-017
7814.800000   1.2768630e-017
7816.900000   1.2170736e-017
7819.000000   1.2035956e-017
7821.100000   1.4963327e-017
7823.200000   1.6496905e-017
7825.300000   1.2789985e-017
7827.400000   1.2002324e-017
7829.500000   1.2776506e-017
7831.600000   1.1410997e-017
7833.700000   9.3225935e-018
7835.800000   1.1580891e-017
7837.900000   1.3420275e-017
7840.000000   1.0663093e-017
7842.100000   1.2653476e-017
7844.200000   1.0595219e-017
7846.300000   1.1936827e-017
7848.400000   1.0548751e-017
7850.500000   1.2332752e-017
7852.600000   1.3490273e-017
7854.700000   1.5255297e-017
7856.800000   1.4720700e-017
7858.900000   1.3888908e-017
7861.000000   1.4262913e-017
7863.100000   1.2661365e-017
7865.200000   1.1227369e-017
7867.300000   1.1391238e-017
7869.400000   1.0559353e-017
7871.500000   1.4322880e-017
7873.600000   1.3936723e-017
7875.700000   1.5340253e-017
7877.800000   1.6437358e-017
7879.900000   1.4329427e-017
7882.000000   1.3862368e-017
7884.100000   1.2773320e-017
7886.200000   1.3086049e-017
7888.300000   1.4076156e-017
7890.400000   1.2374566e-017
7892.500000   1.1891551e-017
7894.600000   1.2746131e-017
7896.700000   1.3701843e-017
7898.800000   1.5453324e-017
7900.900000   1.5081981e-017
7903.000000   1.5772362e-017
7905.100000   1.4338660e-017
