3.81850e+03  9.27732e-17
3.82060e+03  9.26831e-17
3.82270e+03  9.25929e-17
3.82480e+03  9.25026e-17
3.82690e+03  9.24123e-17
3.82900e+03  9.23220e-17
3.83110e+03  9.22315e-17
3.83320e+03  9.21411e-17
3.83530e+03  9.20505e-17
3.83740e+03  9.19600e-17
3.83950e+03  9.18693e-17
3.84160e+03  9.17786e-17
3.84370e+03  9.16879e-17
3.84580e+03  9.15971e-17
3.84790e+03  9.15063e-17
3.85000e+03  9.14154e-17
3.85210e+03  9.13245e-17
3.85420e+03  9.12335e-17
3.85630e+03  9.11424e-17
3.85840e+03  9.10514e-17
3.86050e+03  9.09603e-17
3.86260e+03  9.08691e-17
3.86470e+03  9.07779e-17
3.86680e+03  9.06867e-17
3.86890e+03  9.05954e-17
3.87100e+03  9.05041e-17
3.87310e+03  9.04127e-17
3.87520e+03  9.03213e-17
3.87730e+03  9.02299e-17
3.87940e+03  9.01384e-17
3.88150e+03  9.00469e-17
3.88360e+03  8.99554e-17
3.88570e+03  8.98638e-17
3.88780e+03  8.97722e-17
3.88990e+03  8.96806e-17
3.89200e+03  8.95889e-17
3.89410e+03  8.94972e-17
3.89620e+03  8.94055e-17
3.89830e+03  8.93138e-17
3.90040e+03  8.92220e-17
3.90250e+03  8.91302e-17
3.90460e+03  8.90384e-17
3.90670e+03  8.89465e-17
3.90880e+03  8.88547e-17
3.91090e+03  8.87628e-17
3.91300e+03  8.86709e-17
3.91510e+03  8.85789e-17
3.91720e+03  8.84870e-17
3.91930e+03  8.83950e-17
3.92140e+03  8.83031e-17
3.92350e+03  8.82111e-17
3.92560e+03  8.81190e-17
3.92770e+03  8.80270e-17
3.92980e+03  8.79350e-17
3.93190e+03  8.78429e-17
3.93400e+03  8.77509e-17
3.93610e+03  8.76588e-17
3.93820e+03  8.75667e-17
3.94030e+03  8.74746e-17
3.94240e+03  8.73825e-17
3.94450e+03  8.72904e-17
3.94660e+03  8.71983e-17
3.94870e+03  8.71062e-17
3.95080e+03  8.70140e-17
3.95290e+03  8.69219e-17
3.95500e+03  8.68298e-17
3.95710e+03  8.67376e-17
3.95920e+03  8.66455e-17
3.96130e+03  8.65534e-17
3.96340e+03  8.64613e-17
3.96550e+03  8.63691e-17
3.96760e+03  8.62770e-17
3.96970e+03  8.61849e-17
3.97180e+03  8.60928e-17
3.97390e+03  8.60007e-17
3.97600e+03  8.59086e-17
3.97810e+03  8.58165e-17
3.98020e+03  8.57244e-17
3.98230e+03  8.56324e-17
3.98440e+03  8.55403e-17
3.98650e+03  8.54482e-17
3.98860e+03  8.53562e-17
3.99070e+03  8.52642e-17
3.99280e+03  8.51722e-17
3.99490e+03  8.50802e-17
3.99700e+03  8.49882e-17
3.99910e+03  8.48962e-17
4.00120e+03  8.48043e-17
4.00330e+03  8.47124e-17
4.00540e+03  8.46205e-17
4.00750e+03  8.45286e-17
4.00960e+03  8.44367e-17
4.01170e+03  8.43449e-17
4.01380e+03  8.42531e-17
4.01590e+03  8.41613e-17
4.01800e+03  8.40695e-17
4.02010e+03  8.39778e-17
4.02220e+03  8.38861e-17
4.02430e+03  8.37944e-17
4.02640e+03  8.37028e-17
4.02850e+03  8.36112e-17
4.03060e+03  8.35196e-17
4.03270e+03  8.34280e-17
4.03480e+03  8.33365e-17
4.03690e+03  8.32450e-17
4.03900e+03  8.31535e-17
4.04110e+03  8.30621e-17
4.04320e+03  8.29707e-17
4.04530e+03  8.28794e-17
4.04740e+03  8.27881e-17
4.04950e+03  8.26968e-17
4.05160e+03  8.26056e-17
4.05370e+03  8.25144e-17
4.05580e+03  8.24233e-17
4.05790e+03  8.23322e-17
4.06000e+03  8.22411e-17
4.06210e+03  8.21501e-17
4.06420e+03  8.20591e-17
4.06630e+03  8.19682e-17
4.06840e+03  8.18773e-17
4.07050e+03  8.17865e-17
4.07260e+03  8.16958e-17
4.07470e+03  8.16050e-17
4.07680e+03  8.15144e-17
4.07890e+03  8.14237e-17
4.08100e+03  8.13332e-17
4.08310e+03  8.12427e-17
4.08520e+03  8.11522e-17
4.08730e+03  8.10618e-17
4.08940e+03  8.09715e-17
4.09150e+03  8.08812e-17
4.09360e+03  8.07910e-17
4.09570e+03  8.07008e-17
4.09780e+03  8.06107e-17
4.09990e+03  8.05207e-17
4.10200e+03  8.04307e-17
4.10410e+03  8.03408e-17
4.10620e+03  8.02509e-17
4.10830e+03  8.01611e-17
4.11040e+03  8.00714e-17
4.11250e+03  7.99818e-17
4.11460e+03  7.98922e-17
4.11670e+03  7.98027e-17
4.11880e+03  7.97132e-17
4.12090e+03  7.96238e-17
4.12300e+03  7.95345e-17
4.12510e+03  7.94453e-17
4.12720e+03  7.93561e-17
4.12930e+03  7.92671e-17
4.13140e+03  7.91781e-17
4.13350e+03  7.90891e-17
4.13560e+03  7.90003e-17
4.13770e+03  7.89115e-17
4.13980e+03  7.88228e-17
4.14190e+03  7.87342e-17
4.14400e+03  7.86457e-17
4.14610e+03  7.85572e-17
4.14820e+03  7.84688e-17
4.15030e+03  7.83806e-17
4.15240e+03  7.82924e-17
4.15450e+03  7.82043e-17
4.15660e+03  7.81162e-17
4.15870e+03  7.80283e-17
4.16080e+03  7.79405e-17
4.16290e+03  7.78527e-17
4.16500e+03  7.77650e-17
4.16710e+03  7.76774e-17
4.16920e+03  7.75899e-17
4.17130e+03  7.75026e-17
4.17340e+03  7.74153e-17
4.17550e+03  7.73281e-17
4.17760e+03  7.72409e-17
4.17970e+03  7.71539e-17
4.18180e+03  7.70670e-17
4.18390e+03  7.69802e-17
4.18600e+03  7.68935e-17
4.18810e+03  7.68069e-17
4.19020e+03  7.67203e-17
4.19230e+03  7.66339e-17
4.19440e+03  7.65476e-17
4.19650e+03  7.64614e-17
4.19860e+03  7.63753e-17
4.20070e+03  7.62893e-17
4.20280e+03  7.62035e-17
4.20490e+03  7.61177e-17
4.20700e+03  7.60320e-17
4.20910e+03  7.59464e-17
4.21120e+03  7.58610e-17
4.21330e+03  7.57757e-17
4.21540e+03  7.56904e-17
4.21750e+03  7.56053e-17
4.21960e+03  7.55203e-17
4.22170e+03  7.54354e-17
4.22380e+03  7.53507e-17
4.22590e+03  7.52660e-17
4.22800e+03  7.51815e-17
4.23010e+03  7.50971e-17
4.23220e+03  7.50128e-17
4.23430e+03  7.49286e-17
4.23640e+03  7.48446e-17
4.23850e+03  7.47607e-17
4.24060e+03  7.46768e-17
4.24270e+03  7.45931e-17
4.24480e+03  7.45096e-17
4.24690e+03  7.44261e-17
4.24900e+03  7.43427e-17
4.25110e+03  7.42594e-17
4.25320e+03  7.41762e-17
4.25530e+03  7.40931e-17
4.25740e+03  7.40101e-17
4.25950e+03  7.39272e-17
4.26160e+03  7.38444e-17
4.26370e+03  7.37617e-17
4.26580e+03  7.36791e-17
4.26790e+03  7.35967e-17
4.27000e+03  7.35143e-17
4.27210e+03  7.34320e-17
4.27420e+03  7.33498e-17
4.27630e+03  7.32677e-17
4.27840e+03  7.31857e-17
4.28050e+03  7.31039e-17
4.28260e+03  7.30221e-17
4.28470e+03  7.29404e-17
4.28680e+03  7.28588e-17
4.28890e+03  7.27773e-17
4.29100e+03  7.26960e-17
4.29310e+03  7.26147e-17
4.29520e+03  7.25335e-17
4.29730e+03  7.24524e-17
4.29940e+03  7.23714e-17
4.30150e+03  7.22906e-17
4.30360e+03  7.22098e-17
4.30570e+03  7.21291e-17
4.30780e+03  7.20485e-17
4.30990e+03  7.19680e-17
4.31200e+03  7.18876e-17
4.31410e+03  7.18074e-17
4.31620e+03  7.17272e-17
4.31830e+03  7.16471e-17
4.32040e+03  7.15671e-17
4.32250e+03  7.14872e-17
4.32460e+03  7.14074e-17
4.32670e+03  7.13277e-17
4.32880e+03  7.12481e-17
4.33090e+03  7.11686e-17
4.33300e+03  7.10892e-17
4.33510e+03  7.10099e-17
4.33720e+03  7.09307e-17
4.33930e+03  7.08516e-17
4.34140e+03  7.07726e-17
4.34350e+03  7.06937e-17
4.34560e+03  7.06149e-17
4.34770e+03  7.05362e-17
4.34980e+03  7.04576e-17
4.35190e+03  7.03790e-17
4.35400e+03  7.03006e-17
4.35610e+03  7.02223e-17
4.35820e+03  7.01441e-17
4.36030e+03  7.00659e-17
4.36240e+03  6.99879e-17
4.36450e+03  6.99100e-17
4.36660e+03  6.98321e-17
4.36870e+03  6.97544e-17
4.37080e+03  6.96768e-17
4.37290e+03  6.95992e-17
4.37500e+03  6.95217e-17
4.37710e+03  6.94444e-17
4.37920e+03  6.93671e-17
4.38130e+03  6.92900e-17
4.38340e+03  6.92129e-17
4.38550e+03  6.91359e-17
4.38760e+03  6.90591e-17
4.38970e+03  6.89823e-17
4.39180e+03  6.89056e-17
4.39390e+03  6.88290e-17
4.39600e+03  6.87525e-17
4.39810e+03  6.86761e-17
4.40020e+03  6.85998e-17
4.40230e+03  6.85236e-17
4.40440e+03  6.84475e-17
4.40650e+03  6.83715e-17
4.40860e+03  6.82956e-17
4.41070e+03  6.82197e-17
4.41280e+03  6.81440e-17
4.41490e+03  6.80684e-17
4.41700e+03  6.79929e-17
4.41910e+03  6.79174e-17
4.42120e+03  6.78420e-17
4.42330e+03  6.77668e-17
4.42540e+03  6.76916e-17
4.42750e+03  6.76166e-17
4.42960e+03  6.75416e-17
4.43170e+03  6.74667e-17
4.43380e+03  6.73919e-17
4.43590e+03  6.73172e-17
4.43800e+03  6.72427e-17
4.44010e+03  6.71681e-17
4.44220e+03  6.70937e-17
4.44430e+03  6.70194e-17
4.44640e+03  6.69452e-17
4.44850e+03  6.68711e-17
4.45060e+03  6.67970e-17
4.45270e+03  6.67231e-17
4.45480e+03  6.66493e-17
4.45690e+03  6.65755e-17
4.45900e+03  6.65018e-17
4.46110e+03  6.64283e-17
4.46320e+03  6.63548e-17
4.46530e+03  6.62814e-17
4.46740e+03  6.62081e-17
4.46950e+03  6.61349e-17
4.47160e+03  6.60618e-17
4.47370e+03  6.59888e-17
4.47580e+03  6.59159e-17
4.47790e+03  6.58430e-17
4.48000e+03  6.57703e-17
4.48210e+03  6.56977e-17
4.48420e+03  6.56251e-17
4.48630e+03  6.55527e-17
4.48840e+03  6.54803e-17
4.49050e+03  6.54080e-17
4.49260e+03  6.53358e-17
4.49470e+03  6.52637e-17
4.49680e+03  6.51917e-17
4.49890e+03  6.51198e-17
4.50100e+03  6.50480e-17
4.50310e+03  6.49763e-17
4.50520e+03  6.49046e-17
4.50730e+03  6.48331e-17
4.50940e+03  6.47616e-17
4.51150e+03  6.46903e-17
4.51360e+03  6.46190e-17
4.51570e+03  6.45478e-17
4.51780e+03  6.44767e-17
4.51990e+03  6.44057e-17
4.52200e+03  6.43348e-17
4.52410e+03  6.42640e-17
4.52620e+03  6.41933e-17
4.52830e+03  6.41226e-17
4.53040e+03  6.40521e-17
4.53250e+03  6.39816e-17
4.53460e+03  6.39112e-17
4.53670e+03  6.38410e-17
4.53880e+03  6.37708e-17
4.54090e+03  6.37007e-17
4.54300e+03  6.36307e-17
4.54510e+03  6.35607e-17
4.54720e+03  6.34909e-17
4.54930e+03  6.34212e-17
4.55140e+03  6.33515e-17
4.55350e+03  6.32820e-17
4.55560e+03  6.32125e-17
4.55770e+03  6.31431e-17
4.55980e+03  6.30738e-17
4.56190e+03  6.30046e-17
4.56400e+03  6.29355e-17
4.56610e+03  6.28664e-17
4.56820e+03  6.27975e-17
4.57030e+03  6.27286e-17
4.57240e+03  6.26599e-17
4.57450e+03  6.25912e-17
4.57660e+03  6.25226e-17
4.57870e+03  6.24540e-17
4.58080e+03  6.23855e-17
4.58290e+03  6.23168e-17
4.58500e+03  6.22482e-17
4.58710e+03  6.21796e-17
4.58920e+03  6.21109e-17
4.59130e+03  6.20422e-17
4.59340e+03  6.19735e-17
4.59550e+03  6.19048e-17
4.59760e+03  6.18361e-17
4.59970e+03  6.17673e-17
4.60180e+03  6.16986e-17
4.60390e+03  6.16298e-17
4.60600e+03  6.15611e-17
4.60810e+03  6.14923e-17
4.61020e+03  6.14235e-17
4.61230e+03  6.13547e-17
4.61440e+03  6.12858e-17
4.61650e+03  6.12170e-17
4.61860e+03  6.11482e-17
4.62070e+03  6.10793e-17
4.62280e+03  6.10105e-17
4.62490e+03  6.09416e-17
4.62700e+03  6.08728e-17
4.62910e+03  6.08039e-17
4.63120e+03  6.07350e-17
4.63330e+03  6.06661e-17
4.63540e+03  6.05973e-17
4.63750e+03  6.05284e-17
4.63960e+03  6.04595e-17
4.64170e+03  6.03906e-17
4.64380e+03  6.03217e-17
4.64590e+03  6.02528e-17
4.64800e+03  6.01839e-17
4.65010e+03  6.01150e-17
4.65220e+03  6.00462e-17
4.65430e+03  5.99773e-17
4.65640e+03  5.99084e-17
4.65850e+03  5.98395e-17
4.66060e+03  5.97707e-17
4.66270e+03  5.97018e-17
4.66480e+03  5.96330e-17
4.66690e+03  5.95641e-17
4.66900e+03  5.94953e-17
4.67110e+03  5.94264e-17
4.67320e+03  5.93576e-17
4.67530e+03  5.92888e-17
4.67740e+03  5.92200e-17
4.67950e+03  5.91512e-17
4.68160e+03  5.90824e-17
4.68370e+03  5.90136e-17
4.68580e+03  5.89449e-17
4.68790e+03  5.88761e-17
4.69000e+03  5.88074e-17
4.69210e+03  5.87387e-17
4.69420e+03  5.86699e-17
4.69630e+03  5.86013e-17
4.69840e+03  5.85326e-17
4.70050e+03  5.84639e-17
4.70260e+03  5.83953e-17
4.70470e+03  5.83267e-17
4.70680e+03  5.82581e-17
4.70890e+03  5.81895e-17
4.71100e+03  5.81209e-17
4.71310e+03  5.80524e-17
4.71520e+03  5.79838e-17
4.71730e+03  5.79154e-17
4.71940e+03  5.78469e-17
4.72150e+03  5.77784e-17
4.72360e+03  5.77100e-17
4.72570e+03  5.76416e-17
4.72780e+03  5.75732e-17
4.72990e+03  5.75049e-17
4.73200e+03  5.74365e-17
4.73410e+03  5.73682e-17
4.73620e+03  5.73000e-17
4.73830e+03  5.72317e-17
4.74040e+03  5.71635e-17
4.74250e+03  5.70953e-17
4.74460e+03  5.70272e-17
4.74670e+03  5.69591e-17
4.74880e+03  5.68910e-17
4.75090e+03  5.68229e-17
4.75300e+03  5.67549e-17
4.75510e+03  5.66869e-17
4.75720e+03  5.66189e-17
4.75930e+03  5.65510e-17
4.76140e+03  5.64831e-17
4.76350e+03  5.64153e-17
4.76560e+03  5.63475e-17
4.76770e+03  5.62797e-17
4.76980e+03  5.62120e-17
4.77190e+03  5.61443e-17
4.77400e+03  5.60766e-17
4.77610e+03  5.60090e-17
4.77820e+03  5.59414e-17
4.78030e+03  5.58739e-17
4.78240e+03  5.58064e-17
4.78450e+03  5.57389e-17
4.78660e+03  5.56715e-17
4.78870e+03  5.56042e-17
4.79080e+03  5.55368e-17
4.79290e+03  5.54696e-17
4.79500e+03  5.54023e-17
4.79710e+03  5.53351e-17
4.79920e+03  5.52680e-17
4.80130e+03  5.52009e-17
4.80340e+03  5.51339e-17
4.80550e+03  5.50669e-17
4.80760e+03  5.50000e-17
4.80970e+03  5.49331e-17
4.81180e+03  5.48662e-17
4.81390e+03  5.47994e-17
4.81600e+03  5.47327e-17
4.81810e+03  5.46660e-17
4.82020e+03  5.45994e-17
4.82230e+03  5.45328e-17
4.82440e+03  5.44663e-17
4.82650e+03  5.43999e-17
4.82860e+03  5.43335e-17
4.83070e+03  5.42671e-17
4.83280e+03  5.42008e-17
4.83490e+03  5.41346e-17
4.83700e+03  5.40684e-17
4.83910e+03  5.40023e-17
4.84120e+03  5.39363e-17
4.84330e+03  5.38703e-17
4.84540e+03  5.38043e-17
4.84750e+03  5.37385e-17
4.84960e+03  5.36726e-17
4.85170e+03  5.36069e-17
4.85380e+03  5.35412e-17
4.85590e+03  5.34756e-17
4.85800e+03  5.34101e-17
4.86010e+03  5.33446e-17
4.86220e+03  5.32792e-17
4.86430e+03  5.32138e-17
4.86640e+03  5.31485e-17
4.86850e+03  5.30833e-17
4.87060e+03  5.30182e-17
4.87270e+03  5.29531e-17
4.87480e+03  5.28881e-17
4.87690e+03  5.28232e-17
4.87900e+03  5.27583e-17
4.88110e+03  5.26935e-17
4.88320e+03  5.26288e-17
4.88530e+03  5.25642e-17
4.88740e+03  5.24996e-17
4.88950e+03  5.24351e-17
4.89160e+03  5.23707e-17
4.89370e+03  5.23064e-17
4.89580e+03  5.22421e-17
4.89790e+03  5.21779e-17
4.90000e+03  5.21138e-17
4.90210e+03  5.20498e-17
4.90420e+03  5.19858e-17
4.90630e+03  5.19220e-17
4.90840e+03  5.18582e-17
4.91050e+03  5.17945e-17
4.91260e+03  5.17309e-17
4.91470e+03  5.16673e-17
4.91680e+03  5.16039e-17
4.91890e+03  5.15405e-17
4.92100e+03  5.14772e-17
4.92310e+03  5.14140e-17
4.92520e+03  5.13509e-17
4.92730e+03  5.12879e-17
4.92940e+03  5.12249e-17
4.93150e+03  5.11621e-17
4.93360e+03  5.10993e-17
4.93570e+03  5.10366e-17
4.93780e+03  5.09740e-17
4.93990e+03  5.09115e-17
4.94200e+03  5.08491e-17
4.94410e+03  5.07868e-17
4.94620e+03  5.07246e-17
4.94830e+03  5.06625e-17
4.95040e+03  5.06004e-17
4.95250e+03  5.05385e-17
4.95460e+03  5.04767e-17
4.95670e+03  5.04149e-17
4.95880e+03  5.03533e-17
4.96090e+03  5.02917e-17
4.96300e+03  5.02302e-17
4.96510e+03  5.01689e-17
4.96720e+03  5.01076e-17
4.96930e+03  5.00465e-17
4.97140e+03  4.99854e-17
4.97350e+03  4.99244e-17
4.97560e+03  4.98636e-17
4.97770e+03  4.98028e-17
4.97980e+03  4.97422e-17
4.98190e+03  4.96816e-17
4.98400e+03  4.96212e-17
4.98610e+03  4.95608e-17
4.98820e+03  4.95006e-17
4.99030e+03  4.94405e-17
4.99240e+03  4.93805e-17
4.99450e+03  4.93205e-17
4.99660e+03  4.92607e-17
4.99870e+03  4.92010e-17
5.00080e+03  4.91415e-17
5.00290e+03  4.90820e-17
5.00500e+03  4.90226e-17
5.00710e+03  4.89633e-17
5.00920e+03  4.89042e-17
5.01130e+03  4.88452e-17
5.01340e+03  4.87862e-17
5.01550e+03  4.87274e-17
5.01760e+03  4.86687e-17
5.01970e+03  4.86102e-17
5.02180e+03  4.85517e-17
5.02390e+03  4.84934e-17
5.02600e+03  4.84351e-17
5.02810e+03  4.83770e-17
5.03020e+03  4.83190e-17
5.03230e+03  4.82612e-17
5.03440e+03  4.82034e-17
5.03650e+03  4.81458e-17
5.03860e+03  4.80883e-17
5.04070e+03  4.80309e-17
5.04280e+03  4.79736e-17
5.04490e+03  4.79165e-17
5.04700e+03  4.78594e-17
5.04910e+03  4.78025e-17
5.05120e+03  4.77458e-17
5.05330e+03  4.76891e-17
5.05540e+03  4.76326e-17
5.05750e+03  4.75762e-17
5.05960e+03  4.75199e-17
5.06170e+03  4.74638e-17
5.06380e+03  4.74078e-17
5.06590e+03  4.73519e-17
5.06800e+03  4.72962e-17
5.07010e+03  4.72405e-17
5.07220e+03  4.71851e-17
5.07430e+03  4.71297e-17
5.07640e+03  4.70745e-17
5.07850e+03  4.70194e-17
5.08060e+03  4.69644e-17
5.08270e+03  4.69096e-17
5.08480e+03  4.68549e-17
5.08690e+03  4.68004e-17
5.08900e+03  4.67459e-17
5.09110e+03  4.66917e-17
5.09320e+03  4.66375e-17
5.09530e+03  4.65835e-17
5.09740e+03  4.65297e-17
5.09950e+03  4.64759e-17
5.10160e+03  4.64223e-17
5.10370e+03  4.63689e-17
5.10580e+03  4.63156e-17
5.10790e+03  4.62624e-17
5.11000e+03  4.62094e-17
5.11210e+03  4.61565e-17
5.11420e+03  4.61038e-17
5.11630e+03  4.60512e-17
5.11840e+03  4.59988e-17
5.12050e+03  4.59465e-17
5.12260e+03  4.58944e-17
5.12470e+03  4.58424e-17
5.12680e+03  4.57906e-17
5.12890e+03  4.57390e-17
5.13100e+03  4.56876e-17
5.13310e+03  4.56364e-17
5.13520e+03  4.55854e-17
5.13730e+03  4.55346e-17
5.13940e+03  4.54839e-17
5.14150e+03  4.54334e-17
5.14360e+03  4.53832e-17
5.14570e+03  4.53331e-17
5.14780e+03  4.52831e-17
5.14990e+03  4.52334e-17
5.15200e+03  4.51838e-17
5.15410e+03  4.51345e-17
5.15620e+03  4.50853e-17
5.15830e+03  4.50362e-17
5.16040e+03  4.49874e-17
5.16250e+03  4.49387e-17
5.16460e+03  4.48902e-17
5.16670e+03  4.48419e-17
5.16880e+03  4.47937e-17
5.17090e+03  4.47457e-17
5.17300e+03  4.46979e-17
5.17510e+03  4.46503e-17
5.17720e+03  4.46028e-17
5.17930e+03  4.45555e-17
5.18140e+03  4.45083e-17
5.18350e+03  4.44614e-17
5.18560e+03  4.44145e-17
5.18770e+03  4.43679e-17
5.18980e+03  4.43214e-17
5.19190e+03  4.42751e-17
5.19400e+03  4.42289e-17
5.19610e+03  4.41829e-17
5.19820e+03  4.41370e-17
5.20030e+03  4.40913e-17
5.20240e+03  4.40458e-17
5.20450e+03  4.40004e-17
5.20660e+03  4.39552e-17
5.20870e+03  4.39101e-17
5.21080e+03  4.38652e-17
5.21290e+03  4.38204e-17
5.21500e+03  4.37758e-17
5.21710e+03  4.37313e-17
5.21920e+03  4.36870e-17
5.22130e+03  4.36428e-17
5.22340e+03  4.35987e-17
5.22550e+03  4.35548e-17
5.22760e+03  4.35111e-17
5.22970e+03  4.34675e-17
5.23180e+03  4.34240e-17
5.23390e+03  4.33807e-17
5.23600e+03  4.33375e-17
5.23810e+03  4.32945e-17
5.24020e+03  4.32516e-17
5.24230e+03  4.32088e-17
5.24440e+03  4.31662e-17
5.24650e+03  4.31237e-17
5.24860e+03  4.30813e-17
5.25070e+03  4.30391e-17
5.25280e+03  4.29970e-17
5.25490e+03  4.29551e-17
5.25700e+03  4.29132e-17
5.25910e+03  4.28715e-17
5.26120e+03  4.28300e-17
5.26330e+03  4.27885e-17
5.26540e+03  4.27472e-17
5.26750e+03  4.27060e-17
5.26960e+03  4.26649e-17
5.27170e+03  4.26240e-17
5.27380e+03  4.25832e-17
5.27590e+03  4.25425e-17
5.27800e+03  4.25019e-17
5.28010e+03  4.24614e-17
5.28220e+03  4.24211e-17
5.28430e+03  4.23808e-17
5.28640e+03  4.23407e-17
5.28850e+03  4.23007e-17
5.29060e+03  4.22608e-17
5.29270e+03  4.22211e-17
5.29480e+03  4.21814e-17
5.29690e+03  4.21419e-17
5.29900e+03  4.21025e-17
5.30110e+03  4.20631e-17
5.30320e+03  4.20239e-17
5.30530e+03  4.19848e-17
5.30740e+03  4.19458e-17
5.30950e+03  4.19069e-17
5.31160e+03  4.18681e-17
5.31370e+03  4.18295e-17
5.31580e+03  4.17909e-17
5.31790e+03  4.17524e-17
5.32000e+03  4.17140e-17
5.32210e+03  4.16757e-17
5.32420e+03  4.16376e-17
5.32630e+03  4.15995e-17
5.32840e+03  4.15615e-17
5.33050e+03  4.15236e-17
5.33260e+03  4.14858e-17
5.33470e+03  4.14481e-17
5.33680e+03  4.14105e-17
5.33890e+03  4.13730e-17
5.34100e+03  4.13356e-17
5.34310e+03  4.12982e-17
5.34520e+03  4.12610e-17
5.34730e+03  4.12238e-17
5.34940e+03  4.11867e-17
5.35150e+03  4.11498e-17
5.35360e+03  4.11129e-17
5.35570e+03  4.10760e-17
5.35780e+03  4.10393e-17
5.35990e+03  4.10027e-17
5.36200e+03  4.09661e-17
5.36410e+03  4.09296e-17
5.36620e+03  4.08932e-17
5.36830e+03  4.08569e-17
5.37040e+03  4.08206e-17
5.37250e+03  4.07844e-17
5.37460e+03  4.07483e-17
5.37670e+03  4.07123e-17
5.37880e+03  4.06763e-17
5.38090e+03  4.06405e-17
5.38300e+03  4.06046e-17
5.38510e+03  4.05689e-17
5.38720e+03  4.05332e-17
5.38930e+03  4.04976e-17
5.39140e+03  4.04621e-17
5.39350e+03  4.04266e-17
5.39560e+03  4.03912e-17
5.39770e+03  4.03559e-17
5.39980e+03  4.03206e-17
5.40190e+03  4.02854e-17
5.40400e+03  4.02502e-17
5.40610e+03  4.02151e-17
5.40820e+03  4.01801e-17
5.41030e+03  4.01451e-17
5.41240e+03  4.01102e-17
5.41450e+03  4.00753e-17
5.41660e+03  4.00405e-17
5.41870e+03  4.00058e-17
5.42080e+03  3.99711e-17
5.42290e+03  3.99364e-17
5.42500e+03  3.99018e-17
5.42710e+03  3.98673e-17
5.42920e+03  3.98328e-17
5.43130e+03  3.97983e-17
5.43340e+03  3.97639e-17
5.43550e+03  3.97296e-17
5.43760e+03  3.96953e-17
5.43970e+03  3.96610e-17
5.44180e+03  3.96268e-17
5.44390e+03  3.95926e-17
5.44600e+03  3.95585e-17
5.44810e+03  3.95244e-17
5.45020e+03  3.94903e-17
5.45230e+03  3.94563e-17
5.45440e+03  3.94223e-17
5.45650e+03  3.93884e-17
5.45860e+03  3.93545e-17
5.46070e+03  3.93206e-17
5.46280e+03  3.92868e-17
5.46490e+03  3.92530e-17
5.46700e+03  3.92192e-17
5.46910e+03  3.91855e-17
5.47120e+03  3.91518e-17
5.47330e+03  3.91181e-17
5.47540e+03  3.90844e-17
5.47750e+03  3.90508e-17
5.47960e+03  3.90172e-17
5.48170e+03  3.89836e-17
5.48380e+03  3.89501e-17
5.48590e+03  3.89165e-17
5.48800e+03  3.88830e-17
5.49010e+03  3.88495e-17
5.49220e+03  3.88161e-17
5.49430e+03  3.87826e-17
5.49640e+03  3.87492e-17
5.49850e+03  3.87158e-17
5.50060e+03  3.86824e-17
5.50270e+03  3.86490e-17
5.50480e+03  3.86156e-17
5.50690e+03  3.85823e-17
5.50900e+03  3.85489e-17
5.51110e+03  3.85156e-17
5.51320e+03  3.84823e-17
5.51530e+03  3.84490e-17
5.51740e+03  3.84157e-17
5.51950e+03  3.83824e-17
5.52160e+03  3.83491e-17
5.52370e+03  3.83158e-17
5.52580e+03  3.82825e-17
5.52790e+03  3.82492e-17
5.53000e+03  3.82160e-17
5.53210e+03  3.81827e-17
5.53420e+03  3.81494e-17
5.53630e+03  3.81161e-17
5.53840e+03  3.80829e-17
5.54050e+03  3.80496e-17
5.54260e+03  3.80163e-17
5.54470e+03  3.79830e-17
5.54680e+03  3.79497e-17
5.54890e+03  3.79164e-17
5.55100e+03  3.78831e-17
5.55310e+03  3.78498e-17
5.55520e+03  3.78165e-17
5.55730e+03  3.77831e-17
5.55940e+03  3.77498e-17
5.56150e+03  3.77164e-17
5.56360e+03  3.76830e-17
5.56570e+03  3.76497e-17
5.56780e+03  3.76163e-17
5.56990e+03  3.75828e-17
5.57200e+03  3.75494e-17
5.57410e+03  3.75159e-17
5.57620e+03  3.74825e-17
5.57830e+03  3.74490e-17
5.58040e+03  3.74154e-17
5.58250e+03  3.73819e-17
5.58460e+03  3.73483e-17
5.58670e+03  3.73148e-17
5.58880e+03  3.72811e-17
5.59090e+03  3.72475e-17
5.59300e+03  3.72138e-17
5.59510e+03  3.71801e-17
5.59720e+03  3.71464e-17
5.59930e+03  3.71127e-17
5.60140e+03  3.70789e-17
5.60350e+03  3.70451e-17
5.60560e+03  3.70112e-17
5.60770e+03  3.69775e-17
5.60980e+03  3.69438e-17
5.61190e+03  3.69103e-17
5.61400e+03  3.68769e-17
5.61610e+03  3.68435e-17
5.61820e+03  3.68103e-17
5.62030e+03  3.67771e-17
5.62240e+03  3.67441e-17
5.62450e+03  3.67111e-17
5.62660e+03  3.66783e-17
5.62870e+03  3.66455e-17
5.63080e+03  3.66128e-17
5.63290e+03  3.65802e-17
5.63500e+03  3.65478e-17
5.63710e+03  3.65154e-17
5.63920e+03  3.64831e-17
5.64130e+03  3.64508e-17
5.64340e+03  3.64187e-17
5.64550e+03  3.63867e-17
5.64760e+03  3.63547e-17
5.64970e+03  3.63228e-17
5.65180e+03  3.62911e-17
5.65390e+03  3.62594e-17
5.65600e+03  3.62277e-17
5.65810e+03  3.61962e-17
5.66020e+03  3.61648e-17
5.66230e+03  3.61334e-17
5.66440e+03  3.61021e-17
5.66650e+03  3.60709e-17
5.66860e+03  3.60398e-17
5.67070e+03  3.60088e-17
5.67280e+03  3.59778e-17
5.67490e+03  3.59469e-17
5.67700e+03  3.59161e-17
5.67910e+03  3.58854e-17
5.68120e+03  3.58547e-17
5.68330e+03  3.58242e-17
5.68540e+03  3.57936e-17
5.68750e+03  3.57632e-17
5.68960e+03  3.57329e-17
5.69170e+03  3.57026e-17
5.69380e+03  3.56724e-17
5.69590e+03  3.56422e-17
5.69800e+03  3.56121e-17
5.70010e+03  3.55821e-17
5.70220e+03  3.55522e-17
5.70430e+03  3.55223e-17
5.70640e+03  3.54925e-17
5.70850e+03  3.54628e-17
5.71060e+03  3.54331e-17
5.71270e+03  3.54035e-17
5.71480e+03  3.53740e-17
5.71690e+03  3.53445e-17
5.71900e+03  3.53151e-17
5.72110e+03  3.52857e-17
5.72320e+03  3.52564e-17
5.72530e+03  3.52272e-17
5.72740e+03  3.51980e-17
5.72950e+03  3.51689e-17
5.73160e+03  3.51398e-17
5.73370e+03  3.51108e-17
5.73580e+03  3.50819e-17
5.73790e+03  3.50530e-17
5.74000e+03  3.50242e-17
5.74210e+03  3.49954e-17
5.74420e+03  3.49667e-17
5.74630e+03  3.49380e-17
5.74840e+03  3.49094e-17
5.75050e+03  3.48808e-17
5.75260e+03  3.48523e-17
5.75470e+03  3.48238e-17
5.75680e+03  3.47954e-17
5.75890e+03  3.47670e-17
5.76100e+03  3.47387e-17
5.76310e+03  3.47104e-17
5.76520e+03  3.46822e-17
5.76730e+03  3.46540e-17
5.76940e+03  3.46259e-17
5.77150e+03  3.45978e-17
5.77360e+03  3.45698e-17
5.77570e+03  3.45418e-17
5.77780e+03  3.45138e-17
5.77990e+03  3.44859e-17
5.78200e+03  3.44580e-17
5.78410e+03  3.44302e-17
5.78620e+03  3.44024e-17
5.78830e+03  3.43746e-17
5.79040e+03  3.43469e-17
5.79250e+03  3.43192e-17
5.79460e+03  3.42915e-17
5.79670e+03  3.42639e-17
5.79880e+03  3.42363e-17
5.80090e+03  3.42088e-17
5.80300e+03  3.41813e-17
5.80510e+03  3.41538e-17
5.80720e+03  3.41263e-17
5.80930e+03  3.40989e-17
5.81140e+03  3.40715e-17
5.81350e+03  3.40442e-17
5.81560e+03  3.40168e-17
5.81770e+03  3.39896e-17
5.81980e+03  3.39623e-17
5.82190e+03  3.39350e-17
5.82400e+03  3.39078e-17
5.82610e+03  3.38806e-17
5.82820e+03  3.38534e-17
5.83030e+03  3.38263e-17
5.83240e+03  3.37992e-17
5.83450e+03  3.37721e-17
5.83660e+03  3.37450e-17
5.83870e+03  3.37179e-17
5.84080e+03  3.36909e-17
5.84290e+03  3.36639e-17
5.84500e+03  3.36369e-17
5.84710e+03  3.36099e-17
5.84920e+03  3.35829e-17
5.85130e+03  3.35560e-17
5.85340e+03  3.35291e-17
5.85550e+03  3.35021e-17
5.85760e+03  3.34752e-17
5.85970e+03  3.34483e-17
5.86180e+03  3.34215e-17
5.86390e+03  3.33946e-17
5.86600e+03  3.33677e-17
5.86810e+03  3.33409e-17
5.87020e+03  3.33141e-17
5.87230e+03  3.32873e-17
5.87440e+03  3.32604e-17
5.87650e+03  3.32336e-17
5.87860e+03  3.32068e-17
5.88070e+03  3.31800e-17
5.88280e+03  3.31532e-17
5.88490e+03  3.31265e-17
5.88700e+03  3.30997e-17
5.88910e+03  3.30729e-17
5.89120e+03  3.30461e-17
5.89330e+03  3.30194e-17
5.89540e+03  3.29926e-17
5.89750e+03  3.29658e-17
5.89960e+03  3.29391e-17
5.90170e+03  3.29123e-17
5.90380e+03  3.28855e-17
5.90590e+03  3.28587e-17
5.90800e+03  3.28320e-17
5.91010e+03  3.28052e-17
5.91220e+03  3.27784e-17
5.91430e+03  3.27516e-17
5.91640e+03  3.27248e-17
5.91850e+03  3.26980e-17
5.92060e+03  3.26712e-17
5.92270e+03  3.26444e-17
5.92480e+03  3.26175e-17
5.92690e+03  3.25907e-17
5.92900e+03  3.25639e-17
5.93110e+03  3.25370e-17
5.93320e+03  3.25101e-17
5.93530e+03  3.24832e-17
5.93740e+03  3.24563e-17
5.93950e+03  3.24294e-17
5.94160e+03  3.24025e-17
5.94370e+03  3.23756e-17
5.94580e+03  3.23486e-17
5.94790e+03  3.23216e-17
5.95000e+03  3.22946e-17
5.95210e+03  3.22676e-17
5.95420e+03  3.22406e-17
5.95630e+03  3.22135e-17
5.95840e+03  3.21865e-17
5.96050e+03  3.21594e-17
5.96260e+03  3.21322e-17
5.96470e+03  3.21051e-17
5.96680e+03  3.20779e-17
5.96890e+03  3.20508e-17
5.97100e+03  3.20235e-17
5.97310e+03  3.19963e-17
5.97520e+03  3.19690e-17
5.97730e+03  3.19417e-17
5.97940e+03  3.19144e-17
5.98150e+03  3.18871e-17
5.98360e+03  3.18597e-17
5.98570e+03  3.18323e-17
5.98780e+03  3.18049e-17
5.98990e+03  3.17774e-17
5.99200e+03  3.17499e-17
5.99410e+03  3.17223e-17
5.99620e+03  3.16948e-17
5.99830e+03  3.16672e-17
6.00040e+03  3.16395e-17
6.00250e+03  3.16119e-17
6.00460e+03  3.15841e-17
6.00670e+03  3.15564e-17
6.00880e+03  3.15286e-17
6.01090e+03  3.15008e-17
6.01300e+03  3.14729e-17
6.01510e+03  3.14450e-17
6.01720e+03  3.14171e-17
6.01930e+03  3.13891e-17
6.02140e+03  3.13610e-17
6.02350e+03  3.13329e-17
6.02560e+03  3.13048e-17
6.02770e+03  3.12767e-17
6.02980e+03  3.12485e-17
6.03190e+03  3.12202e-17
6.03400e+03  3.11919e-17
6.03610e+03  3.11635e-17
6.03820e+03  3.11351e-17
6.04030e+03  3.11067e-17
6.04240e+03  3.10782e-17
6.04450e+03  3.10497e-17
6.04660e+03  3.10211e-17
6.04870e+03  3.09925e-17
6.05080e+03  3.09639e-17
6.05290e+03  3.09353e-17
6.05500e+03  3.09066e-17
6.05710e+03  3.08778e-17
6.05920e+03  3.08491e-17
6.06130e+03  3.08203e-17
6.06340e+03  3.07915e-17
6.06550e+03  3.07627e-17
6.06760e+03  3.07338e-17
6.06970e+03  3.07049e-17
6.07180e+03  3.06759e-17
6.07390e+03  3.06470e-17
6.07600e+03  3.06180e-17
6.07810e+03  3.05890e-17
6.08020e+03  3.05599e-17
6.08230e+03  3.05309e-17
6.08440e+03  3.05018e-17
6.08650e+03  3.04727e-17
6.08860e+03  3.04435e-17
6.09070e+03  3.04143e-17
6.09280e+03  3.03852e-17
6.09490e+03  3.03559e-17
6.09700e+03  3.03267e-17
6.09910e+03  3.02974e-17
6.10120e+03  3.02682e-17
6.10330e+03  3.02389e-17
6.10540e+03  3.02095e-17
6.10750e+03  3.01802e-17
6.10960e+03  3.01508e-17
6.11170e+03  3.01214e-17
6.11380e+03  3.00920e-17
6.11590e+03  3.00626e-17
6.11800e+03  3.00332e-17
6.12010e+03  3.00037e-17
6.12220e+03  2.99743e-17
6.12430e+03  2.99448e-17
6.12640e+03  2.99153e-17
6.12850e+03  2.98857e-17
6.13060e+03  2.98562e-17
6.13270e+03  2.98267e-17
6.13480e+03  2.97971e-17
6.13690e+03  2.97675e-17
6.13900e+03  2.97379e-17
6.14110e+03  2.97083e-17
6.14320e+03  2.96787e-17
6.14530e+03  2.96491e-17
6.14740e+03  2.96195e-17
6.14950e+03  2.95898e-17
6.15160e+03  2.95602e-17
6.15370e+03  2.95305e-17
6.15580e+03  2.95008e-17
6.15790e+03  2.94711e-17
6.16000e+03  2.94414e-17
6.16210e+03  2.94118e-17
6.16420e+03  2.93821e-17
6.16630e+03  2.93523e-17
6.16840e+03  2.93226e-17
6.17050e+03  2.92929e-17
6.17260e+03  2.92632e-17
6.17470e+03  2.92334e-17
6.17680e+03  2.92037e-17
6.17890e+03  2.91740e-17
6.18100e+03  2.91442e-17
6.18310e+03  2.91145e-17
6.18520e+03  2.90847e-17
6.18730e+03  2.90550e-17
6.18940e+03  2.90252e-17
6.19150e+03  2.89955e-17
6.19360e+03  2.89657e-17
6.19570e+03  2.89360e-17
6.19780e+03  2.89063e-17
6.19990e+03  2.88765e-17
6.20200e+03  2.88468e-17
6.20410e+03  2.88170e-17
6.20620e+03  2.87873e-17
6.20830e+03  2.87576e-17
6.21040e+03  2.87278e-17
6.21250e+03  2.86981e-17
6.21460e+03  2.86684e-17
6.21670e+03  2.86387e-17
6.21880e+03  2.86089e-17
6.22090e+03  2.85792e-17
6.22300e+03  2.85495e-17
6.22510e+03  2.85199e-17
6.22720e+03  2.84902e-17
6.22930e+03  2.84605e-17
6.23140e+03  2.84308e-17
6.23350e+03  2.84012e-17
6.23560e+03  2.83715e-17
6.23770e+03  2.83419e-17
6.23980e+03  2.83123e-17
6.24190e+03  2.82827e-17
6.24400e+03  2.82531e-17
6.24610e+03  2.82235e-17
6.24820e+03  2.81939e-17
6.25030e+03  2.81643e-17
6.25240e+03  2.81348e-17
6.25450e+03  2.81053e-17
6.25660e+03  2.80757e-17
6.25870e+03  2.80463e-17
6.26080e+03  2.80168e-17
6.26290e+03  2.79873e-17
6.26500e+03  2.79578e-17
6.26710e+03  2.79284e-17
6.26920e+03  2.78990e-17
6.27130e+03  2.78696e-17
6.27340e+03  2.78402e-17
6.27550e+03  2.78108e-17
6.27760e+03  2.77815e-17
6.27970e+03  2.77522e-17
6.28180e+03  2.77229e-17
6.28390e+03  2.76936e-17
6.28600e+03  2.76643e-17
6.28810e+03  2.76351e-17
6.29020e+03  2.76059e-17
6.29230e+03  2.75767e-17
6.29440e+03  2.75475e-17
6.29650e+03  2.75184e-17
6.29860e+03  2.74893e-17
6.30070e+03  2.74602e-17
6.30280e+03  2.74311e-17
6.30490e+03  2.74021e-17
6.30700e+03  2.73730e-17
6.30910e+03  2.73441e-17
6.31120e+03  2.73151e-17
6.31330e+03  2.72862e-17
6.31540e+03  2.72573e-17
6.31750e+03  2.72284e-17
6.31960e+03  2.71995e-17
6.32170e+03  2.71707e-17
6.32380e+03  2.71420e-17
6.32590e+03  2.71132e-17
6.32800e+03  2.70845e-17
6.33010e+03  2.70558e-17
6.33220e+03  2.70271e-17
6.33430e+03  2.69985e-17
6.33640e+03  2.69699e-17
6.33850e+03  2.69414e-17
6.34060e+03  2.69129e-17
6.34270e+03  2.68844e-17
6.34480e+03  2.68559e-17
6.34690e+03  2.68275e-17
6.34900e+03  2.67991e-17
6.35110e+03  2.67708e-17
6.35320e+03  2.67425e-17
6.35530e+03  2.67142e-17
6.35740e+03  2.66860e-17
6.35950e+03  2.66578e-17
6.36160e+03  2.66297e-17
6.36370e+03  2.66016e-17
6.36580e+03  2.65735e-17
6.36790e+03  2.65455e-17
6.37000e+03  2.65175e-17
6.37210e+03  2.64896e-17
6.37420e+03  2.64617e-17
6.37630e+03  2.64338e-17
6.37840e+03  2.64060e-17
6.38050e+03  2.63782e-17
6.38260e+03  2.63505e-17
6.38470e+03  2.63228e-17
6.38680e+03  2.62952e-17
6.38890e+03  2.62676e-17
6.39100e+03  2.62401e-17
6.39310e+03  2.62126e-17
6.39520e+03  2.61851e-17
6.39730e+03  2.61577e-17
6.39940e+03  2.61304e-17
6.40150e+03  2.61031e-17
6.40360e+03  2.60758e-17
6.40570e+03  2.60486e-17
6.40780e+03  2.60215e-17
6.40990e+03  2.59944e-17
6.41200e+03  2.59673e-17
6.41410e+03  2.59403e-17
6.41620e+03  2.59134e-17
6.41830e+03  2.58865e-17
6.42040e+03  2.58597e-17
6.42250e+03  2.58329e-17
6.42460e+03  2.58061e-17
6.42670e+03  2.57795e-17
6.42880e+03  2.57528e-17
6.43090e+03  2.57263e-17
6.43300e+03  2.56998e-17
6.43510e+03  2.56733e-17
6.43720e+03  2.56469e-17
6.43930e+03  2.56206e-17
6.44140e+03  2.55943e-17
6.44350e+03  2.55681e-17
6.44560e+03  2.55419e-17
6.44770e+03  2.55158e-17
6.44980e+03  2.54898e-17
6.45190e+03  2.54638e-17
6.45400e+03  2.54379e-17
6.45610e+03  2.54121e-17
6.45820e+03  2.53863e-17
6.46030e+03  2.53605e-17
6.46240e+03  2.53349e-17
6.46450e+03  2.53093e-17
6.46660e+03  2.52837e-17
6.46870e+03  2.52583e-17
6.47080e+03  2.52328e-17
6.47290e+03  2.52075e-17
6.47500e+03  2.51822e-17
6.47710e+03  2.51570e-17
6.47920e+03  2.51319e-17
6.48130e+03  2.51068e-17
6.48340e+03  2.50818e-17
6.48550e+03  2.50569e-17
6.48760e+03  2.50320e-17
6.48970e+03  2.50072e-17
6.49180e+03  2.49825e-17
6.49390e+03  2.49578e-17
6.49600e+03  2.49332e-17
6.49810e+03  2.49087e-17
6.50020e+03  2.48843e-17
6.50230e+03  2.48599e-17
6.50440e+03  2.48356e-17
6.50650e+03  2.48113e-17
6.50860e+03  2.47871e-17
6.51070e+03  2.47628e-17
6.51280e+03  2.47386e-17
6.51490e+03  2.47143e-17
6.51700e+03  2.46901e-17
6.51910e+03  2.46659e-17
6.52120e+03  2.46416e-17
6.52330e+03  2.46174e-17
6.52540e+03  2.45932e-17
6.52750e+03  2.45690e-17
6.52960e+03  2.45447e-17
6.53170e+03  2.45205e-17
6.53380e+03  2.44963e-17
6.53590e+03  2.44721e-17
6.53800e+03  2.44479e-17
6.54010e+03  2.44237e-17
6.54220e+03  2.43995e-17
6.54430e+03  2.43754e-17
6.54640e+03  2.43512e-17
6.54850e+03  2.43270e-17
6.55060e+03  2.43028e-17
6.55270e+03  2.42787e-17
6.55480e+03  2.42545e-17
6.55690e+03  2.42304e-17
6.55900e+03  2.42062e-17
6.56110e+03  2.41821e-17
6.56320e+03  2.41580e-17
6.56530e+03  2.41339e-17
6.56740e+03  2.41097e-17
6.56950e+03  2.40856e-17
6.57160e+03  2.40615e-17
6.57370e+03  2.40374e-17
6.57580e+03  2.40134e-17
6.57790e+03  2.39893e-17
6.58000e+03  2.39652e-17
6.58210e+03  2.39411e-17
6.58420e+03  2.39171e-17
6.58630e+03  2.38930e-17
6.58840e+03  2.38690e-17
6.59050e+03  2.38450e-17
6.59260e+03  2.38209e-17
6.59470e+03  2.37969e-17
6.59680e+03  2.37729e-17
6.59890e+03  2.37489e-17
6.60100e+03  2.37249e-17
6.60310e+03  2.37009e-17
6.60520e+03  2.36770e-17
6.60730e+03  2.36530e-17
6.60940e+03  2.36291e-17
6.61150e+03  2.36051e-17
6.61360e+03  2.35812e-17
6.61570e+03  2.35573e-17
6.61780e+03  2.35333e-17
6.61990e+03  2.35094e-17
6.62200e+03  2.34855e-17
6.62410e+03  2.34616e-17
6.62620e+03  2.34378e-17
6.62830e+03  2.34139e-17
6.63040e+03  2.33901e-17
6.63250e+03  2.33662e-17
6.63460e+03  2.33424e-17
6.63670e+03  2.33186e-17
6.63880e+03  2.32947e-17
6.64090e+03  2.32709e-17
6.64300e+03  2.32472e-17
6.64510e+03  2.32234e-17
6.64720e+03  2.31996e-17
6.64930e+03  2.31759e-17
6.65140e+03  2.31521e-17
6.65350e+03  2.31284e-17
6.65560e+03  2.31047e-17
6.65770e+03  2.30810e-17
6.65980e+03  2.30573e-17
6.66190e+03  2.30336e-17
6.66400e+03  2.30099e-17
6.66610e+03  2.29863e-17
6.66820e+03  2.29626e-17
6.67030e+03  2.29390e-17
6.67240e+03  2.29154e-17
6.67450e+03  2.28918e-17
6.67660e+03  2.28682e-17
6.67870e+03  2.28446e-17
6.68080e+03  2.28211e-17
6.68290e+03  2.27975e-17
6.68500e+03  2.27740e-17
6.68710e+03  2.27505e-17
6.68920e+03  2.27270e-17
6.69130e+03  2.27035e-17
6.69340e+03  2.26800e-17
6.69550e+03  2.26565e-17
6.69760e+03  2.26331e-17
6.69970e+03  2.26097e-17
6.70180e+03  2.25862e-17
6.70390e+03  2.25628e-17
6.70600e+03  2.25395e-17
6.70810e+03  2.25161e-17
6.71020e+03  2.24927e-17
6.71230e+03  2.24694e-17
6.71440e+03  2.24461e-17
6.71650e+03  2.24228e-17
6.71860e+03  2.23995e-17
6.72070e+03  2.23762e-17
6.72280e+03  2.23529e-17
6.72490e+03  2.23297e-17
6.72700e+03  2.23065e-17
6.72910e+03  2.22832e-17
6.73120e+03  2.22600e-17
6.73330e+03  2.22369e-17
6.73540e+03  2.22137e-17
6.73750e+03  2.21906e-17
6.73960e+03  2.21674e-17
6.74170e+03  2.21443e-17
6.74380e+03  2.21212e-17
6.74590e+03  2.20982e-17
6.74800e+03  2.20751e-17
6.75010e+03  2.20521e-17
6.75220e+03  2.20291e-17
6.75430e+03  2.20061e-17
6.75640e+03  2.19831e-17
6.75850e+03  2.19601e-17
6.76060e+03  2.19372e-17
6.76270e+03  2.19142e-17
6.76480e+03  2.18913e-17
6.76690e+03  2.18684e-17
6.76900e+03  2.18456e-17
6.77110e+03  2.18227e-17
6.77320e+03  2.17999e-17
6.77530e+03  2.17771e-17
6.77740e+03  2.17543e-17
6.77950e+03  2.17315e-17
6.78160e+03  2.17088e-17
6.78370e+03  2.16860e-17
6.78580e+03  2.16633e-17
6.78790e+03  2.16406e-17
6.79000e+03  2.16180e-17
6.79210e+03  2.15953e-17
6.79420e+03  2.15727e-17
6.79630e+03  2.15501e-17
6.79840e+03  2.15275e-17
6.80050e+03  2.15049e-17
6.80260e+03  2.14824e-17
6.80470e+03  2.14598e-17
6.80680e+03  2.14373e-17
6.80890e+03  2.14149e-17
6.81100e+03  2.13924e-17
6.81310e+03  2.13699e-17
6.81520e+03  2.13475e-17
6.81730e+03  2.13251e-17
6.81940e+03  2.13028e-17
6.82150e+03  2.12804e-17
6.82360e+03  2.12581e-17
6.82570e+03  2.12358e-17
6.82780e+03  2.12135e-17
6.82990e+03  2.11912e-17
6.83200e+03  2.11690e-17
6.83410e+03  2.11468e-17
6.83620e+03  2.11246e-17
6.83830e+03  2.11024e-17
6.84040e+03  2.10803e-17
6.84250e+03  2.10582e-17
6.84460e+03  2.10361e-17
6.84670e+03  2.10140e-17
6.84880e+03  2.09920e-17
6.85090e+03  2.09699e-17
6.85300e+03  2.09479e-17
6.85510e+03  2.09260e-17
6.85720e+03  2.09040e-17
6.85930e+03  2.08821e-17
6.86140e+03  2.08602e-17
6.86350e+03  2.08383e-17
6.86560e+03  2.08165e-17
6.86770e+03  2.07946e-17
6.86980e+03  2.07728e-17
6.87190e+03  2.07511e-17
6.87400e+03  2.07293e-17
6.87610e+03  2.07076e-17
6.87820e+03  2.06859e-17
6.88030e+03  2.06642e-17
6.88240e+03  2.06426e-17
6.88450e+03  2.06209e-17
6.88660e+03  2.05994e-17
6.88870e+03  2.05778e-17
6.89080e+03  2.05562e-17
6.89290e+03  2.05347e-17
6.89500e+03  2.05132e-17
6.89710e+03  2.04918e-17
6.89920e+03  2.04704e-17
6.90130e+03  2.04489e-17
6.90340e+03  2.04276e-17
6.90550e+03  2.04062e-17
6.90760e+03  2.03849e-17
6.90970e+03  2.03636e-17
6.91180e+03  2.03423e-17
6.91390e+03  2.03211e-17
6.91600e+03  2.02999e-17
6.91810e+03  2.02787e-17
6.92020e+03  2.02575e-17
6.92230e+03  2.02364e-17
6.92440e+03  2.02153e-17
6.92650e+03  2.01943e-17
6.92860e+03  2.01732e-17
6.93070e+03  2.01522e-17
6.93280e+03  2.01312e-17
6.93490e+03  2.01103e-17
6.93700e+03  2.00893e-17
6.93910e+03  2.00685e-17
6.94120e+03  2.00476e-17
6.94330e+03  2.00268e-17
6.94540e+03  2.00060e-17
6.94750e+03  1.99852e-17
6.94960e+03  1.99644e-17
6.95170e+03  1.99437e-17
6.95380e+03  1.99230e-17
6.95590e+03  1.99024e-17
6.95800e+03  1.98818e-17
6.96010e+03  1.98612e-17
6.96220e+03  1.98406e-17
6.96430e+03  1.98201e-17
6.96640e+03  1.97996e-17
6.96850e+03  1.97791e-17
6.97060e+03  1.97587e-17
6.97270e+03  1.97383e-17
6.97480e+03  1.97179e-17
6.97690e+03  1.96976e-17
6.97900e+03  1.96773e-17
6.98110e+03  1.96570e-17
6.98320e+03  1.96368e-17
6.98530e+03  1.96166e-17
6.98740e+03  1.95964e-17
6.98950e+03  1.95762e-17
6.99160e+03  1.95561e-17
6.99370e+03  1.95360e-17
6.99580e+03  1.95160e-17
6.99790e+03  1.94960e-17
7.00000e+03  1.94760e-17
7.00210e+03  1.94561e-17
7.00420e+03  1.94362e-17
7.00630e+03  1.94163e-17
7.00840e+03  1.93964e-17
7.01050e+03  1.93766e-17
7.01260e+03  1.93568e-17
7.01470e+03  1.93371e-17
7.01680e+03  1.93174e-17
7.01890e+03  1.92977e-17
7.02100e+03  1.92781e-17
7.02310e+03  1.92585e-17
7.02520e+03  1.92389e-17
7.02730e+03  1.92194e-17
7.02940e+03  1.91999e-17
7.03150e+03  1.91804e-17
7.03360e+03  1.91610e-17
7.03570e+03  1.91416e-17
7.03780e+03  1.91222e-17
7.03990e+03  1.91029e-17
7.04200e+03  1.90836e-17
7.04410e+03  1.90644e-17
7.04620e+03  1.90452e-17
7.04830e+03  1.90260e-17
7.05040e+03  1.90068e-17
7.05250e+03  1.89877e-17
7.05460e+03  1.89687e-17
7.05670e+03  1.89496e-17
7.05880e+03  1.89307e-17
7.06090e+03  1.89117e-17
7.06300e+03  1.88928e-17
7.06510e+03  1.88739e-17
7.06720e+03  1.88550e-17
7.06930e+03  1.88362e-17
7.07140e+03  1.88175e-17
7.07350e+03  1.87987e-17
7.07560e+03  1.87800e-17
7.07770e+03  1.87614e-17
7.07980e+03  1.87428e-17
7.08190e+03  1.87242e-17
7.08400e+03  1.87057e-17
7.08610e+03  1.86872e-17
7.08820e+03  1.86687e-17
7.09030e+03  1.86503e-17
7.09240e+03  1.86319e-17
7.09450e+03  1.86135e-17
7.09660e+03  1.85952e-17
7.09870e+03  1.85770e-17
7.10080e+03  1.85587e-17
7.10290e+03  1.85405e-17
7.10500e+03  1.85224e-17
7.10710e+03  1.85043e-17
7.10920e+03  1.84862e-17
7.11130e+03  1.84682e-17
7.11340e+03  1.84502e-17
7.11550e+03  1.84323e-17
7.11760e+03  1.84144e-17
7.11970e+03  1.83965e-17
7.12180e+03  1.83787e-17
7.12390e+03  1.83609e-17
7.12600e+03  1.83431e-17
7.12810e+03  1.83254e-17
7.13020e+03  1.83078e-17
7.13230e+03  1.82902e-17
7.13440e+03  1.82726e-17
7.13650e+03  1.82550e-17
7.13860e+03  1.82375e-17
7.14070e+03  1.82201e-17
7.14280e+03  1.82027e-17
7.14490e+03  1.81853e-17
7.14700e+03  1.81680e-17
7.14910e+03  1.81507e-17
7.15120e+03  1.81335e-17
7.15330e+03  1.81163e-17
7.15540e+03  1.80991e-17
7.15750e+03  1.80820e-17
7.15960e+03  1.80649e-17
7.16170e+03  1.80479e-17
7.16380e+03  1.80309e-17
7.16590e+03  1.80140e-17
7.16800e+03  1.79971e-17
7.17010e+03  1.79802e-17
7.17220e+03  1.79634e-17
7.17430e+03  1.79467e-17
7.17640e+03  1.79300e-17
7.17850e+03  1.79133e-17
7.18060e+03  1.78967e-17
7.18270e+03  1.78801e-17
7.18480e+03  1.78635e-17
7.18690e+03  1.78470e-17
7.18900e+03  1.78306e-17
7.19110e+03  1.78142e-17
7.19320e+03  1.77978e-17
7.19530e+03  1.77815e-17
7.19740e+03  1.77653e-17
7.19950e+03  1.77492e-17
7.20160e+03  1.77331e-17
7.20370e+03  1.77171e-17
7.20580e+03  1.77012e-17
7.20790e+03  1.76854e-17
7.21000e+03  1.76696e-17
7.21210e+03  1.76539e-17
7.21420e+03  1.76382e-17
7.21630e+03  1.76226e-17
7.21840e+03  1.76071e-17
7.22050e+03  1.75917e-17
7.22260e+03  1.75763e-17
7.22470e+03  1.75610e-17
7.22680e+03  1.75457e-17
7.22890e+03  1.75305e-17
7.23100e+03  1.75154e-17
7.23310e+03  1.75004e-17
7.23520e+03  1.74854e-17
7.23730e+03  1.74704e-17
7.23940e+03  1.74556e-17
7.24150e+03  1.74408e-17
7.24360e+03  1.74261e-17
7.24570e+03  1.74114e-17
7.24780e+03  1.73968e-17
7.24990e+03  1.73822e-17
7.25200e+03  1.73677e-17
7.25410e+03  1.73533e-17
7.25620e+03  1.73390e-17
7.25830e+03  1.73247e-17
7.26040e+03  1.73104e-17
7.26250e+03  1.72962e-17
7.26460e+03  1.72821e-17
7.26670e+03  1.72681e-17
7.26880e+03  1.72541e-17
7.27090e+03  1.72401e-17
7.27300e+03  1.72262e-17
7.27510e+03  1.72124e-17
7.27720e+03  1.71986e-17
7.27930e+03  1.71849e-17
7.28140e+03  1.71713e-17
7.28350e+03  1.71577e-17
7.28560e+03  1.71441e-17
7.28770e+03  1.71306e-17
7.28980e+03  1.71172e-17
7.29190e+03  1.71038e-17
7.29400e+03  1.70905e-17
7.29610e+03  1.70773e-17
7.29820e+03  1.70640e-17
7.30030e+03  1.70509e-17
7.30240e+03  1.70378e-17
7.30450e+03  1.70247e-17
7.30660e+03  1.70117e-17
7.30870e+03  1.69988e-17
7.31080e+03  1.69859e-17
7.31290e+03  1.69730e-17
7.31500e+03  1.69603e-17
7.31710e+03  1.69475e-17
7.31920e+03  1.69348e-17
7.32130e+03  1.69222e-17
7.32340e+03  1.69096e-17
7.32550e+03  1.68971e-17
7.32760e+03  1.68846e-17
7.32970e+03  1.68721e-17
7.33180e+03  1.68597e-17
7.33390e+03  1.68474e-17
7.33600e+03  1.68351e-17
7.33810e+03  1.68228e-17
7.34020e+03  1.68106e-17
7.34230e+03  1.67985e-17
7.34440e+03  1.67864e-17
7.34650e+03  1.67743e-17
7.34860e+03  1.67623e-17
7.35070e+03  1.67503e-17
7.35280e+03  1.67384e-17
7.35490e+03  1.67265e-17
7.35700e+03  1.67146e-17
7.35910e+03  1.67028e-17
7.36120e+03  1.66911e-17
7.36330e+03  1.66794e-17
7.36540e+03  1.66677e-17
7.36750e+03  1.66561e-17
7.36960e+03  1.66445e-17
7.37170e+03  1.66330e-17
7.37380e+03  1.66215e-17
7.37590e+03  1.66100e-17
7.37800e+03  1.65986e-17
7.38010e+03  1.65872e-17
7.38220e+03  1.65759e-17
7.38430e+03  1.65646e-17
7.38640e+03  1.65533e-17
7.38850e+03  1.65421e-17
7.39060e+03  1.65309e-17
7.39270e+03  1.65198e-17
7.39480e+03  1.65087e-17
7.39690e+03  1.64976e-17
7.39900e+03  1.64866e-17
7.40110e+03  1.64756e-17
7.40320e+03  1.64646e-17
7.40530e+03  1.64537e-17
7.40740e+03  1.64428e-17
7.40950e+03  1.64320e-17
7.41160e+03  1.64212e-17
7.41370e+03  1.64104e-17
7.41580e+03  1.63996e-17
7.41790e+03  1.63889e-17
7.42000e+03  1.63782e-17
7.42210e+03  1.63676e-17
7.42420e+03  1.63570e-17
7.42630e+03  1.63464e-17
7.42840e+03  1.63359e-17
7.43050e+03  1.63253e-17
7.43260e+03  1.63149e-17
7.43470e+03  1.63044e-17
7.43680e+03  1.62940e-17
7.43890e+03  1.62836e-17
7.44100e+03  1.62732e-17
7.44310e+03  1.62629e-17
7.44520e+03  1.62526e-17
7.44730e+03  1.62423e-17
7.44940e+03  1.62321e-17
7.45150e+03  1.62219e-17
7.45360e+03  1.62117e-17
7.45570e+03  1.62015e-17
7.45780e+03  1.61914e-17
7.45990e+03  1.61813e-17
7.46200e+03  1.61712e-17
7.46410e+03  1.61611e-17
7.46620e+03  1.61511e-17
7.46830e+03  1.61411e-17
7.47040e+03  1.61311e-17
7.47250e+03  1.61212e-17
7.47460e+03  1.61112e-17
7.47670e+03  1.61013e-17
7.47880e+03  1.60915e-17
7.48090e+03  1.60816e-17
7.48300e+03  1.60718e-17
7.48510e+03  1.60620e-17
7.48720e+03  1.60522e-17
7.48930e+03  1.60424e-17
7.49140e+03  1.60327e-17
7.49350e+03  1.60229e-17
7.49560e+03  1.60132e-17
7.49770e+03  1.60035e-17
7.49980e+03  1.59939e-17
7.50190e+03  1.59842e-17
7.50400e+03  1.59746e-17
7.50610e+03  1.59650e-17
7.50820e+03  1.59554e-17
7.51030e+03  1.59459e-17
7.51240e+03  1.59363e-17
7.51450e+03  1.59268e-17
7.51660e+03  1.59173e-17
7.51870e+03  1.59078e-17
7.52080e+03  1.58983e-17
7.52290e+03  1.58888e-17
7.52500e+03  1.58794e-17
7.52710e+03  1.58699e-17
7.52920e+03  1.58605e-17
7.53130e+03  1.58511e-17
7.53340e+03  1.58417e-17
7.53550e+03  1.58324e-17
7.53760e+03  1.58230e-17
7.53970e+03  1.58137e-17
7.54180e+03  1.58043e-17
7.54390e+03  1.57950e-17
7.54600e+03  1.57857e-17
7.54810e+03  1.57764e-17
7.55020e+03  1.57671e-17
7.55230e+03  1.57578e-17
7.55440e+03  1.57486e-17
7.55650e+03  1.57393e-17
7.55860e+03  1.57301e-17
7.56070e+03  1.57209e-17
7.56280e+03  1.57116e-17
7.56490e+03  1.57024e-17
7.56700e+03  1.56932e-17
7.56910e+03  1.56840e-17
7.57120e+03  1.56749e-17
7.57330e+03  1.56657e-17
7.57540e+03  1.56565e-17
7.57750e+03  1.56473e-17
7.57960e+03  1.56382e-17
7.58170e+03  1.56290e-17
7.58380e+03  1.56199e-17
7.58590e+03  1.56107e-17
7.58800e+03  1.56016e-17
7.59010e+03  1.55925e-17
7.59220e+03  1.55834e-17
7.59430e+03  1.55742e-17
7.59640e+03  1.55651e-17
7.59850e+03  1.55560e-17
7.60060e+03  1.55469e-17
7.60270e+03  1.55378e-17
7.60480e+03  1.55287e-17
7.60690e+03  1.55196e-17
7.60900e+03  1.55105e-17
7.61110e+03  1.55014e-17
7.61320e+03  1.54923e-17
7.61530e+03  1.54832e-17
7.61740e+03  1.54741e-17
7.61950e+03  1.54650e-17
7.62160e+03  1.54559e-17
7.62370e+03  1.54468e-17
7.62580e+03  1.54377e-17
7.62790e+03  1.54286e-17
7.63000e+03  1.54195e-17
7.63210e+03  1.54104e-17
7.63420e+03  1.54013e-17
7.63630e+03  1.53922e-17
7.63840e+03  1.53831e-17
7.64050e+03  1.53740e-17
7.64260e+03  1.53649e-17
7.64470e+03  1.53558e-17
7.64680e+03  1.53466e-17
7.64890e+03  1.53375e-17
7.65100e+03  1.53284e-17
7.65310e+03  1.53192e-17
7.65520e+03  1.53101e-17
7.65730e+03  1.53009e-17
7.65940e+03  1.52918e-17
7.66150e+03  1.52826e-17
7.66360e+03  1.52734e-17
7.66570e+03  1.52642e-17
7.66780e+03  1.52550e-17
7.66990e+03  1.52458e-17
7.67200e+03  1.52366e-17
7.67410e+03  1.52274e-17
7.67620e+03  1.52182e-17
7.67830e+03  1.52090e-17
7.68040e+03  1.51997e-17
7.68250e+03  1.51905e-17
7.68460e+03  1.51812e-17
7.68670e+03  1.51719e-17
7.68880e+03  1.51626e-17
7.69090e+03  1.51533e-17
7.69300e+03  1.51440e-17
7.69510e+03  1.51347e-17
7.69720e+03  1.51253e-17
7.69930e+03  1.51160e-17
7.70140e+03  1.51066e-17
7.70350e+03  1.50972e-17
7.70560e+03  1.50878e-17
7.70770e+03  1.50784e-17
7.70980e+03  1.50690e-17
7.71190e+03  1.50596e-17
7.71400e+03  1.50501e-17
7.71610e+03  1.50406e-17
7.71820e+03  1.50311e-17
7.72030e+03  1.50216e-17
7.72240e+03  1.50121e-17
7.72450e+03  1.50026e-17
7.72660e+03  1.49930e-17
7.72870e+03  1.49834e-17
7.73080e+03  1.49738e-17
7.73290e+03  1.49642e-17
7.73500e+03  1.49546e-17
7.73710e+03  1.49449e-17
7.73920e+03  1.49352e-17
7.74130e+03  1.49255e-17
7.74340e+03  1.49158e-17
7.74550e+03  1.49061e-17
7.74760e+03  1.48963e-17
7.74970e+03  1.48866e-17
7.75180e+03  1.48768e-17
7.75390e+03  1.48669e-17
7.75600e+03  1.48571e-17
7.75810e+03  1.48472e-17
7.76020e+03  1.48373e-17
7.76230e+03  1.48274e-17
7.76440e+03  1.48175e-17
7.76650e+03  1.48075e-17
7.76860e+03  1.47975e-17
7.77070e+03  1.47875e-17
7.77280e+03  1.47774e-17
7.77490e+03  1.47674e-17
7.77700e+03  1.47573e-17
7.77910e+03  1.47471e-17
7.78120e+03  1.47370e-17
7.78330e+03  1.47268e-17
7.78540e+03  1.47166e-17
7.78750e+03  1.47064e-17
7.78960e+03  1.46961e-17
7.79170e+03  1.46858e-17
7.79380e+03  1.46755e-17
7.79590e+03  1.46652e-17
7.79800e+03  1.46548e-17
7.80010e+03  1.46444e-17
7.80220e+03  1.46339e-17
7.80430e+03  1.46234e-17
7.80640e+03  1.46129e-17
7.80850e+03  1.46024e-17
7.81060e+03  1.45918e-17
7.81270e+03  1.45812e-17
7.81480e+03  1.45706e-17
7.81690e+03  1.45599e-17
7.81900e+03  1.45493e-17
7.82110e+03  1.45385e-17
7.82320e+03  1.45278e-17
7.82530e+03  1.45170e-17
7.82740e+03  1.45061e-17
7.82950e+03  1.44952e-17